% signal t-range:	0.0048000000	2.9648000
% breakpoint	1	3.7486486
% svcs	1	0	0	0
% svcs	2	0	30	30
1.0000000	-6.9893399e-7	-6.9893399e-7	-6.9893399e-7
1.0486486	-1.0868819e-7	-1.0868819e-7	-1.0868819e-7
1.0972973	-5.2167263e-7	-5.2167263e-7	-5.2167263e-7
1.1459459	-3.3615056e-7	-3.3615056e-7	-3.3615056e-7
1.1945946	1.7866362e-7	1.7866362e-7	1.7866362e-7
1.2432432	2.9544703e-7	2.9544703e-7	2.9544703e-7
1.2918919	4.7205258e-7	4.7205258e-7	4.7205258e-7
1.3405405	5.8767405e-7	5.8767405e-7	5.8767405e-7
1.3891892	0.0000011388559	0.0000011388559	0.0000011388559
1.4378378	0.0000013702277	0.0000013702277	0.0000013702277
1.4864865	0.0000015015802	0.0000015015802	0.0000015015802
1.5351351	0.0000016485486	0.0000016485486	0.0000016485486
1.5837838	0.0000018322991	0.0000018322991	0.0000018322991
1.6324324	0.0000019909034	0.0000019909034	0.0000019909034
1.6810811	0.0000021849386	0.0000021849386	0.0000021849386
1.7297297	0.0000023441762	0.0000023441762	0.0000023441762
1.7783784	0.0000025737798	0.0000025737798	0.0000025737798
1.8270270	0.0000027911918	0.0000027911918	0.0000027911918
1.8756757	0.0000029917072	0.0000029917072	0.0000029917072
1.9243243	0.0000032131525	0.0000032131525	0.0000032131525
1.9729730	0.0000035016671	0.0000035016671	0.0000035016671
2.0216216	0.0000037493140	0.0000037493140	0.0000037493140
2.0702703	0.0000039746898	0.0000039746898	0.0000039746898
2.1189189	0.0000042599087	0.0000042599087	0.0000042599087
2.1675676	0.0000045594106	0.0000045594106	0.0000045594106
2.2162162	0.0000048586051	0.0000048586051	0.0000048586051
2.2648649	0.0000051869830	0.0000051869830	0.0000051869830
2.3135135	0.0000056017801	0.0000056017801	0.0000056017801
2.3621622	0.0000059977249	0.0000059977249	0.0000059977249
2.4108108	0.0000062400378	0.0000062400378	0.0000062400378
2.4594595	0.0000067078187	0.0000067078187	0.0000067078187
2.5081081	0.0000071135739	0.0000071135739	0.0000071135739
2.5567568	0.0000074588201	0.0000074588201	0.0000074588201
2.6054054	0.0000079827177	0.0000079827177	0.0000079827177
2.6540541	0.0000083684870	0.0000083684870	0.0000083684870
2.7027027	0.0000088149778	0.0000088149778	0.0000088149778
2.7513514	0.0000094561927	0.0000094561927	0.0000094561927
2.8000000	0.0000096823808	0.0000096823808	0.0000096823808
2.8486486	0.000010415381	0.000010415381	0.000010415381
2.8972973	0.000011011535	0.000011011535	0.000011011535
2.9459459	0.000011258923	0.000011258923	0.000011258923
2.9945946	0.000011981170	0.000011981170	0.000011981170
3.0432432	0.000012827806	0.000012827806	0.000012827806
3.0918919	0.000013238328	0.000013238328	0.000013238328
3.1405405	0.000013589837	0.000013589837	0.000013589837
3.1891892	0.000014405377	0.000014405377	0.000014405377
3.2378378	0.000015396626	0.000015396626	0.000015396626
3.2864865	0.000016126223	0.000016126223	0.000016126223
3.3351351	0.000016503422	0.000016503422	0.000016503422
3.3837838	0.000016949454	0.000016949454	0.000016949454
3.4324324	0.000017788799	0.000017788799	0.000017788799
3.4810811	0.000018894802	0.000018894802	0.000018894802
3.5297297	0.000019999033	0.000019999033	0.000019999033
3.5783784	0.000020884413	0.000020884413	0.000020884413
3.6270270	0.000021473725	0.000021473725	0.000021473725
3.6756757	0.000021926662	0.000021926662	0.000021926662
3.7243243	0.000022523204	0.000022523204	0.000022523204
3.7729730	0.00087045493	0.00087045493	0.00087045493
3.8216216	0.0019222387	0.0019222387	0.0019222387
3.8702703	0.0028400386	0.0028400386	0.0028400386
3.9189189	0.0037626737	0.0037626737	0.0037626737
3.9675676	0.0048485993	0.0048485993	0.0048485993
4.0162162	0.0060238803	0.0060238803	0.0060238803
4.0648649	0.0070135143	0.0070135143	0.0070135143
4.1135135	0.0075300973	0.0075300973	0.0075300973
4.1621622	0.0074300521	0.0074300521	0.0074300521
4.2108108	0.0067506007	0.0067506007	0.0067506007
4.2594595	0.0056522046	0.0056522046	0.0056522046
4.3081081	0.0043335240	0.0043335240	0.0043335240
4.3567568	0.0029690389	0.0029690389	0.0029690389
4.4054054	0.0016841744	0.0016841744	0.0016841744
4.4540541	0.00055803690	0.00055803690	0.00055803690
4.5027027	-0.00036314917	-0.00036314917	-0.00036314917
4.5513514	-0.0010541709	-0.0010541709	-0.0010541709
4.6000000	-0.0015049818	-0.0015049818	-0.0015049818
4.6486486	-0.0017196987	-0.0017196987	-0.0017196987
4.6972973	-0.0017171728	-0.0017171728	-0.0017171728
4.7459459	-0.0015304001	-0.0015304001	-0.0015304001
4.7945946	-0.0012036246	-0.0012036246	-0.0012036246
4.8432432	-0.00078745150	-0.00078745150	-0.00078745150
4.8918919	-0.00033309257	-0.00033309257	-0.00033309257
4.9405405	0.00011300457	0.00011300457	0.00011300457
4.9891892	0.00051320564	0.00051320564	0.00051320564
5.0378378	0.00084096904	0.00084096904	0.00084096904
5.0864865	0.0010813600	0.0010813600	0.0010813600
5.1351351	0.0012301197	0.0012301197	0.0012301197
5.1837838	0.0012917624	0.0012917624	0.0012917624
5.2324324	0.0012771881	0.0012771881	0.0012771881
5.2810811	0.0012012289	0.0012012289	0.0012012289
5.3297297	0.0010804272	0.0010804272	0.0010804272
5.3783784	0.00093122689	0.00093122689	0.00093122689
5.4270270	0.00076864879	0.00076864879	0.00076864879
5.4756757	0.00060544505	0.00060544505	0.00060544505
5.5243243	0.00045167400	0.00045167400	0.00045167400
5.5729730	0.00031461184	0.00031461184	0.00031461184
5.6216216	0.00019890943	0.00019890943	0.00019890943
5.6702703	0.00010690809	0.00010690809	0.00010690809
5.7189189	0.000039040924	0.000039040924	0.000039040924
5.7675676	-0.0000057377159	-0.0000057377159	-0.0000057377159
5.8162162	-0.000029536272	-0.000029536272	-0.000029536272
5.8648649	-0.000035150472	-0.000035150472	-0.000035150472
5.9135135	-0.000025743444	-0.000025743444	-0.000025743444
5.9621622	-0.0000045873839	-0.0000045873839	-0.0000045873839
6.0108108	0.000025133784	0.000025133784	0.000025133784
6.0594595	0.000060465614	0.000060465614	0.000060465614
6.1081081	0.000098775477	0.000098775477	0.000098775477
6.1567568	0.00013780436	0.00013780436	0.00013780436
6.2054054	0.00017568654	0.00017568654	0.00017568654
6.2540541	0.00021094505	0.00021094505	0.00021094505
6.3027027	0.00024246978	0.00024246978	0.00024246978
6.3513514	0.00026948430	0.00026948430	0.00026948430
6.4000000	0.00029150593	0.00029150593	0.00029150593
6.4486486	0.00030830300	0.00030830300	0.00030830300
6.4972973	0.00031985192	0.00031985192	0.00031985192
6.5459459	0.00032629621	0.00032629621	0.00032629621
6.5945946	0.00032790855	0.00032790855	0.00032790855
6.6432432	0.00032505693	0.00032505693	0.00032505693
6.6918919	0.00031817501	0.00031817501	0.00031817501
6.7405405	0.00030773693	0.00030773693	0.00030773693
6.7891892	0.00029423637	0.00029423637	0.00029423637
6.8378378	0.00027816959	0.00027816959	0.00027816959
6.8864865	0.00026002200	0.00026002200	0.00026002200
6.9351351	0.00024025801	0.00024025801	0.00024025801
6.9837838	0.00021931359	0.00021931359	0.00021931359
7.0324324	0.00019759111	0.00019759111	0.00019759111
7.0810811	0.00017545629	0.00017545629	0.00017545629
7.1297297	0.00015323653	0.00015323653	0.00015323653
7.1783784	0.00013122067	0.00013122067	0.00013122067
7.2270270	0.00010965965	0.00010965965	0.00010965965
7.2756757	0.000088767939	0.000088767939	0.000088767939
7.3243243	0.000068725485	0.000068725485	0.000068725485
7.3729730	0.000049680058	0.000049680058	0.000049680058
7.4216216	0.000031749799	0.000031749799	0.000031749799
7.4702703	0.000015025887	0.000015025887	0.000015025887
7.5189189	-4.2475380e-7	-4.2475380e-7	-4.2475380e-7
7.5675676	-0.000014556799	-0.000014556799	-0.000014556799
7.6162162	-0.000027343953	-0.000027343953	-0.000027343953
7.6648649	-0.000038776510	-0.000038776510	-0.000038776510
7.7135135	-0.000048859060	-0.000048859060	-0.000048859060
7.7621622	-0.000057608372	-0.000057608372	-0.000057608372
7.8108108	-0.000065051443	-0.000065051443	-0.000065051443
7.8594595	-0.000071223731	-0.000071223731	-0.000071223731
7.9081081	-0.000076167560	-0.000076167560	-0.000076167560
7.9567568	-0.000079930698	-0.000079930698	-0.000079930698
8.0054054	-0.000082565094	-0.000082565094	-0.000082565094
8.0540541	-0.000084125766	-0.000084125766	-0.000084125766
8.1027027	-0.000084669833	-0.000084669833	-0.000084669833
8.1513514	-0.000084255682	-0.000084255682	-0.000084255682
8.2000000	-0.000082942238	-0.000082942238	-0.000082942238
8.2486486	-0.000080788364	-0.000080788364	-0.000080788364
8.2972973	-0.000077852342	-0.000077852342	-0.000077852342
8.3459459	-0.000074191444	-0.000074191444	-0.000074191444
8.3945946	-0.000069861590	-0.000069861590	-0.000069861590
8.4432432	-0.000064917060	-0.000064917060	-0.000064917060
8.4918919	-0.000059410278	-0.000059410278	-0.000059410278
8.5405405	-0.000053391637	-0.000053391637	-0.000053391637
8.5891892	-0.000046909386	-0.000046909386	-0.000046909386
8.6378378	-0.000040009534	-0.000040009534	-0.000040009534
8.6864865	-0.000032735810	-0.000032735810	-0.000032735810
8.7351351	-0.000025129632	-0.000025129632	-0.000025129632
8.7837838	-0.000017230116	-0.000017230116	-0.000017230116
8.8324324	-0.0000090740892	-0.0000090740892	-0.0000090740892
8.8810811	-6.9613657e-7	-6.9613657e-7	-6.9613657e-7
8.9297297	0.0000078713546	0.0000078713546	0.0000078713546
8.9783784	0.000016598130	0.000016598130	0.000016598130
9.0270270	0.000025456001	0.000025456001	0.000025456001
9.0756757	0.000034418763	0.000034418763	0.000034418763
9.1243243	0.000043462122	0.000043462122	0.000043462122
9.1729730	0.000052563606	0.000052563606	0.000052563606
9.2216216	0.000061702480	0.000061702480	0.000061702480
9.2702703	0.000070859661	0.000070859661	0.000070859661
9.3189189	0.000080017631	0.000080017631	0.000080017631
9.3675676	0.000089160353	0.000089160353	0.000089160353
9.4162162	0.000098273184	0.000098273184	0.000098273184
9.4648649	0.00010734280	0.00010734280	0.00010734280
9.5135135	0.00011635710	0.00011635710	0.00011635710
9.5621622	0.00012530515	0.00012530515	0.00012530515
9.6108108	0.00013417711	0.00013417711	0.00013417711
9.6594595	0.00014296412	0.00014296412	0.00014296412
9.7081081	0.00015165830	0.00015165830	0.00015165830
9.7567568	0.00016025262	0.00016025262	0.00016025262
9.8054054	0.00016874088	0.00016874088	0.00016874088
9.8540541	0.00017711764	0.00017711764	0.00017711764
9.9027027	0.00018537816	0.00018537816	0.00018537816
9.9513514	0.00019351835	0.00019351835	0.00019351835
10.000000	0.00020153472	0.00020153472	0.00020153472
