% signal t-range:	-0.0040000000	1.7640000
% breakpoint	1	3.5452489
% svcs	1	0	0	0
% svcs	2	0	18	18
1.0000000	-1.6045813e-7	-1.6045813e-7	-1.6045813e-7
1.0407240	-1.2495233e-7	-1.2495233e-7	-1.2495233e-7
1.0814480	-6.3870947e-8	-6.3870947e-8	-6.3870947e-8
1.1221719	2.4801527e-7	2.4801527e-7	2.4801527e-7
1.1628959	0.0000011493580	0.0000011493580	0.0000011493580
1.2036199	0.0000019103991	0.0000019103991	0.0000019103991
1.2443439	0.0000021174555	0.0000021174555	0.0000021174555
1.2850679	0.0000023400644	0.0000023400644	0.0000023400644
1.3257919	0.0000024968153	0.0000024968153	0.0000024968153
1.3665158	0.0000027851630	0.0000027851630	0.0000027851630
1.4072398	0.0000029960432	0.0000029960432	0.0000029960432
1.4479638	0.0000032741186	0.0000032741186	0.0000032741186
1.4886878	0.0000034924762	0.0000034924762	0.0000034924762
1.5294118	0.0000037909610	0.0000037909610	0.0000037909610
1.5701357	0.0000040819178	0.0000040819178	0.0000040819178
1.6108597	0.0000045580706	0.0000045580706	0.0000045580706
1.6515837	0.0000047632236	0.0000047632236	0.0000047632236
1.6923077	0.0000053083004	0.0000053083004	0.0000053083004
1.7330317	0.0000055715518	0.0000055715518	0.0000055715518
1.7737557	0.0000058583316	0.0000058583316	0.0000058583316
1.8144796	0.0000062411307	0.0000062411307	0.0000062411307
1.8552036	0.0000066901973	0.0000066901973	0.0000066901973
1.8959276	0.0000072705980	0.0000072705980	0.0000072705980
1.9366516	0.0000079423191	0.0000079423191	0.0000079423191
1.9773756	0.0000082869023	0.0000082869023	0.0000082869023
2.0180995	0.0000085020804	0.0000085020804	0.0000085020804
2.0588235	0.0000095132670	0.0000095132670	0.0000095132670
2.0995475	0.0000097091602	0.0000097091602	0.0000097091602
2.1402715	0.000010493640	0.000010493640	0.000010493640
2.1809955	0.000010935167	0.000010935167	0.000010935167
2.2217195	0.000011818564	0.000011818564	0.000011818564
2.2624434	0.000011966014	0.000011966014	0.000011966014
2.3031674	0.000013399625	0.000013399625	0.000013399625
2.3438914	0.000013277456	0.000013277456	0.000013277456
2.3846154	0.000014300735	0.000014300735	0.000014300735
2.4253394	0.000015640521	0.000015640521	0.000015640521
2.4660633	0.000015461375	0.000015461375	0.000015461375
2.5067873	0.000016291905	0.000016291905	0.000016291905
2.5475113	0.000018072321	0.000018072321	0.000018072321
2.5882353	0.000018713841	0.000018713841	0.000018713841
2.6289593	0.000018509070	0.000018509070	0.000018509070
2.6696833	0.000019528166	0.000019528166	0.000019528166
2.7104072	0.000021488478	0.000021488478	0.000021488478
2.7511312	0.000022956860	0.000022956860	0.000022956860
2.7918552	0.000023166758	0.000023166758	0.000023166758
2.8325792	0.000023045693	0.000023045693	0.000023045693
2.8733032	0.000023949897	0.000023949897	0.000023949897
2.9140271	0.000025888615	0.000025888615	0.000025888615
2.9547511	0.000028083769	0.000028083769	0.000028083769
2.9954751	0.000029776164	0.000029776164	0.000029776164
3.0361991	0.000030500512	0.000030500512	0.000030500512
3.0769231	0.000030479076	0.000030479076	0.000030479076
3.1176471	0.000030534399	0.000030534399	0.000030534399
3.1583710	0.000031371158	0.000031371158	0.000031371158
3.1990950	0.000033109311	0.000033109311	0.000033109311
3.2398190	0.000035445268	0.000035445268	0.000035445268
3.2805430	0.000037991307	0.000037991307	0.000037991307
3.3212670	0.000040409548	0.000040409548	0.000040409548
3.3619910	0.000042406310	0.000042406310	0.000042406310
3.4027149	0.000043771579	0.000043771579	0.000043771579
3.4434389	0.000044475706	0.000044475706	0.000044475706
3.4841629	0.000044714464	0.000044714464	0.000044714464
3.5248869	0.000044840538	0.000044840538	0.000044840538
3.5656109	-0.000020130574	-0.000020130574	-0.000020130574
3.6063348	0.00061229751	0.00061229751	0.00061229751
3.6470588	0.0014136557	0.0014136557	0.0014136557
3.6877828	0.0022772946	0.0022772946	0.0022772946
3.7285068	0.0031233176	0.0031233176	0.0031233176
3.7692308	0.0039065124	0.0039065124	0.0039065124
3.8099548	0.0046080061	0.0046080061	0.0046080061
3.8506787	0.0052219411	0.0052219411	0.0052219411
3.8914027	0.0057450957	0.0057450957	0.0057450957
3.9321267	0.0061723283	0.0061723283	0.0061723283
3.9728507	0.0064969841	0.0064969841	0.0064969841
4.0135747	0.0067138131	0.0067138131	0.0067138131
4.0542986	0.0068220408	0.0068220408	0.0068220408
4.0950226	0.0068271458	0.0068271458	0.0068271458
4.1357466	0.0067409092	0.0067409092	0.0067409092
4.1764706	0.0065800232	0.0065800232	0.0065800232
4.2171946	0.0063638859	0.0063638859	0.0063638859
4.2579186	0.0061122341	0.0061122341	0.0061122341
4.2986425	0.0058431097	0.0058431097	0.0058431097
4.3393665	0.0055714358	0.0055714358	0.0055714358
4.3800905	0.0053082775	0.0053082775	0.0053082775
4.4208145	0.0050607196	0.0050607196	0.0050607196
4.4615385	0.0048322130	0.0048322130	0.0048322130
4.5022624	0.0046232166	0.0046232166	0.0046232166
4.5429864	0.0044319746	0.0044319746	0.0044319746
4.5837104	0.0042553031	0.0042553031	0.0042553031
4.6244344	0.0040892964	0.0040892964	0.0040892964
4.6651584	0.0039299057	0.0039299057	0.0039299057
4.7058824	0.0037733690	0.0037733690	0.0037733690
4.7466063	0.0036164965	0.0036164965	0.0036164965
4.7873303	0.0034568281	0.0034568281	0.0034568281
4.8280543	0.0032926873	0.0032926873	0.0032926873
4.8687783	0.0031231581	0.0031231581	0.0031231581
4.9095023	0.0029480082	0.0029480082	0.0029480082
4.9502262	0.0027675820	0.0027675820	0.0027675820
4.9909502	0.0025826790	0.0025826790	0.0025826790
5.0316742	0.0023944309	0.0023944309	0.0023944309
5.0723982	0.0022041868	0.0022041868	0.0022041868
5.1131222	0.0020134111	0.0020134111	0.0020134111
5.1538462	0.0018235977	0.0018235977	0.0018235977
5.1945701	0.0016362019	0.0016362019	0.0016362019
5.2352941	0.0014525876	0.0014525876	0.0014525876
5.2760181	0.0012739906	0.0012739906	0.0012739906
5.3167421	0.0011014945	0.0011014945	0.0011014945
5.3574661	0.00093601789	0.00093601789	0.00093601789
5.3981900	0.00077831051	0.00077831051	0.00077831051
5.4389140	0.00062895601	0.00062895601	0.00062895601
5.4796380	0.00048838017	0.00048838017	0.00048838017
5.5203620	0.00035686248	0.00035686248	0.00035686248
5.5610860	0.00023455001	0.00023455001	0.00023455001
5.6018100	0.00012147257	0.00012147257	0.00012147257
5.6425339	0.000017558122	0.000017558122	0.000017558122
5.6832579	-0.000077351863	-0.000077351863	-0.000077351863
5.7239819	-0.00016348784	-0.00016348784	-0.00016348784
5.7647059	-0.00024113852	-0.00024113852	-0.00024113852
5.8054299	-0.00031063843	-0.00031063843	-0.00031063843
5.8461538	-0.00037235667	-0.00037235667	-0.00037235667
5.8868778	-0.00042668702	-0.00042668702	-0.00042668702
5.9276018	-0.00047403929	-0.00047403929	-0.00047403929
5.9683258	-0.00051483191	-0.00051483191	-0.00051483191
6.0090498	-0.00054948567	-0.00054948567	-0.00054948567
6.0497738	-0.00057841847	-0.00057841847	-0.00057841847
6.0904977	-0.00060204112	-0.00060204112	-0.00060204112
6.1312217	-0.00062075383	-0.00062075383	-0.00062075383
6.1719457	-0.00063494360	-0.00063494360	-0.00063494360
6.2126697	-0.00064498216	-0.00064498216	-0.00064498216
6.2533937	-0.00065122453	-0.00065122453	-0.00065122453
6.2941176	-0.00065400799	-0.00065400799	-0.00065400799
6.3348416	-0.00065365150	-0.00065365150	-0.00065365150
6.3755656	-0.00065045543	-0.00065045543	-0.00065045543
6.4162896	-0.00064470159	-0.00064470159	-0.00064470159
6.4570136	-0.00063665342	-0.00063665342	-0.00063665342
6.4977376	-0.00062655642	-0.00062655642	-0.00062655642
6.5384615	-0.00061463868	-0.00061463868	-0.00061463868
6.5791855	-0.00060111152	-0.00060111152	-0.00060111152
6.6199095	-0.00058617018	-0.00058617018	-0.00058617018
6.6606335	-0.00056999462	-0.00056999462	-0.00056999462
6.7013575	-0.00055275030	-0.00055275030	-0.00055275030
6.7420814	-0.00053458898	-0.00053458898	-0.00053458898
6.7828054	-0.00051564955	-0.00051564955	-0.00051564955
6.8235294	-0.00049605881	-0.00049605881	-0.00049605881
6.8642534	-0.00047593228	-0.00047593228	-0.00047593228
6.9049774	-0.00045537495	-0.00045537495	-0.00045537495
6.9457014	-0.00043448205	-0.00043448205	-0.00043448205
6.9864253	-0.00041333968	-0.00041333968	-0.00041333968
7.0271493	-0.00039202557	-0.00039202557	-0.00039202557
7.0678733	-0.00037060968	-0.00037060968	-0.00037060968
7.1085973	-0.00034915480	-0.00034915480	-0.00034915480
7.1493213	-0.00032771711	-0.00032771711	-0.00032771711
7.1900452	-0.00030634674	-0.00030634674	-0.00030634674
7.2307692	-0.00028508828	-0.00028508828	-0.00028508828
7.2714932	-0.00026398118	-0.00026398118	-0.00026398118
7.3122172	-0.00024306026	-0.00024306026	-0.00024306026
7.3529412	-0.00022235608	-0.00022235608	-0.00022235608
7.3936652	-0.00020189530	-0.00020189530	-0.00020189530
7.4343891	-0.00018170105	-0.00018170105	-0.00018170105
7.4751131	-0.00016179325	-0.00016179325	-0.00016179325
7.5158371	-0.00014218889	-0.00014218889	-0.00014218889
7.5565611	-0.00012290232	-0.00012290232	-0.00012290232
7.5972851	-0.00010394550	-0.00010394550	-0.00010394550
7.6380090	-0.000085328193	-0.000085328193	-0.000085328193
7.6787330	-0.000067058244	-0.000067058244	-0.000067058244
7.7194570	-0.000049141720	-0.000049141720	-0.000049141720
7.7601810	-0.000031583111	-0.000031583111	-0.000031583111
7.8009050	-0.000014385487	-0.000014385487	-0.000014385487
7.8416290	0.0000024493485	0.0000024493485	0.0000024493485
7.8823529	0.000018920726	0.000018920726	0.000018920726
7.9230769	0.000035028983	0.000035028983	0.000035028983
7.9638009	0.000050775353	0.000050775353	0.000050775353
8.0045249	0.000066161862	0.000066161862	0.000066161862
8.0452489	0.000081191232	0.000081191232	0.000081191232
8.0859729	0.000095866798	0.000095866798	0.000095866798
8.1266968	0.00011019243	0.00011019243	0.00011019243
8.1674208	0.00012417246	0.00012417246	0.00012417246
8.2081448	0.00013781162	0.00013781162	0.00013781162
8.2488688	0.00015111500	0.00015111500	0.00015111500
8.2895928	0.00016408796	0.00016408796	0.00016408796
8.3303167	0.00017673610	0.00017673610	0.00017673610
8.3710407	0.00018906526	0.00018906526	0.00018906526
8.4117647	0.00020108139	0.00020108139	0.00020108139
8.4524887	0.00021279061	0.00021279061	0.00021279061
8.4932127	0.00022419912	0.00022419912	0.00022419912
8.5339367	0.00023531319	0.00023531319	0.00023531319
8.5746606	0.00024613914	0.00024613914	0.00024613914
8.6153846	0.00025668332	0.00025668332	0.00025668332
8.6561086	0.00026695207	0.00026695207	0.00026695207
8.6968326	0.00027695171	0.00027695171	0.00027695171
8.7375566	0.00028668857	0.00028668857	0.00028668857
8.7782805	0.00029616890	0.00029616890	0.00029616890
8.8190045	0.00030539890	0.00030539890	0.00030539890
8.8597285	0.00031438473	0.00031438473	0.00031438473
8.9004525	0.00032313245	0.00032313245	0.00032313245
8.9411765	0.00033164805	0.00033164805	0.00033164805
8.9819005	0.00033993744	0.00033993744	0.00033993744
9.0226244	0.00034800641	0.00034800641	0.00034800641
9.0633484	0.00035586069	0.00035586069	0.00035586069
9.1040724	0.00036350587	0.00036350587	0.00036350587
9.1447964	0.00037094746	0.00037094746	0.00037094746
9.1855204	0.00037819085	0.00037819085	0.00037819085
9.2262443	0.00038524133	0.00038524133	0.00038524133
9.2669683	0.00039210406	0.00039210406	0.00039210406
9.3076923	0.00039878410	0.00039878410	0.00039878410
9.3484163	0.00040528640	0.00040528640	0.00040528640
9.3891403	0.00041161580	0.00041161580	0.00041161580
9.4298643	0.00041777700	0.00041777700	0.00041777700
9.4705882	0.00042377462	0.00042377462	0.00042377462
9.5113122	0.00042961314	0.00042961314	0.00042961314
9.5520362	0.00043529696	0.00043529696	0.00043529696
9.5927602	0.00044083034	0.00044083034	0.00044083034
9.6334842	0.00044621745	0.00044621745	0.00044621745
9.6742081	0.00045146233	0.00045146233	0.00045146233
9.7149321	0.00045656896	0.00045656896	0.00045656896
9.7556561	0.00046154116	0.00046154116	0.00046154116
9.7963801	0.00046638268	0.00046638268	0.00046638268
9.8371041	0.00047109717	0.00047109717	0.00047109717
9.8778281	0.00047568817	0.00047568817	0.00047568817
9.9185520	0.00048015912	0.00048015912	0.00048015912
9.9592760	0.00048451339	0.00048451339	0.00048451339
10.000000	0.00048875423	0.00048875423	0.00048875423
