-2.08000e+02	1.227036948338041e-02
-1.92000e+02	1.272271084108160e-02
-1.76000e+02	1.319242372380881e-02
-1.60000e+02	1.361723364219364e-02
-1.44000e+02	1.406332902272519e-02
-1.28000e+02	1.454506333620593e-02
-1.12000e+02	1.515136523550646e-02
-9.60000e+01	1.594039291216026e-02
-8.00000e+01	1.682168452104190e-02
-6.40000e+01	1.771290547795463e-02
-4.80000e+01	1.860236165092990e-02
-3.20000e+01	1.944589957640820e-02
-1.60000e+01	2.019988423647376e-02
0.00000e+00	2.084498787277174e-02
1.60000e+01	2.127198547651870e-02
3.20000e+01	2.143830458797175e-02
4.80000e+01	2.136063061391897e-02
6.40000e+01	2.103262894775692e-02
8.00000e+01	2.056012163357755e-02
9.60000e+01	2.000218539763109e-02
1.12000e+02	1.932164100884997e-02
1.28000e+02	1.851661814097782e-02
1.44000e+02	1.754281962395777e-02
1.60000e+02	1.637085254293899e-02
1.76000e+02	1.507175885149949e-02
1.92000e+02	1.371534336571550e-02
2.08000e+02	1.230606432491446e-02
2.24000e+02	1.087468094076481e-02
2.40000e+02	9.471325655410430e-03
2.56000e+02	8.123538523278667e-03
2.72000e+02	6.915495765579248e-03
2.88000e+02	5.889878762738904e-03
3.04000e+02	5.034273999095969e-03
3.20000e+02	4.347148791508307e-03
3.36000e+02	3.777970413159440e-03
3.52000e+02	3.296179037980196e-03
3.68000e+02	2.915842653960361e-03
3.84000e+02	2.635763119963517e-03
4.00000e+02	2.469753537893749e-03
4.16000e+02	2.427528760490327e-03
4.32000e+02	2.475714310436446e-03
4.48000e+02	2.579832024865603e-03
4.64000e+02	2.740227763174333e-03
4.80000e+02	2.944028132699453e-03
4.96000e+02	3.162700981860700e-03
5.12000e+02	3.379808837301867e-03
5.28000e+02	3.555315071269348e-03
5.44000e+02	3.665876340289926e-03
5.60000e+02	3.718112017921998e-03
5.76000e+02	3.715227511724772e-03
5.92000e+02	3.671704698046003e-03
6.08000e+02	3.598089510363432e-03
6.24000e+02	3.491653167607556e-03
6.40000e+02	3.353045235824341e-03
6.56000e+02	3.183862083103848e-03
6.72000e+02	2.983736479121048e-03
6.88000e+02	2.761310406314081e-03
7.04000e+02	2.527544411946886e-03
7.20000e+02	2.277748279526678e-03
7.36000e+02	2.012515923064811e-03
7.52000e+02	1.744835672261287e-03
7.68000e+02	1.482216156691338e-03
7.84000e+02	1.236514051602247e-03
8.00000e+02	1.017496168160379e-03
8.16000e+02	8.206390708548942e-04
8.32000e+02	6.407831252716910e-04
8.48000e+02	4.825601162073237e-04
8.64000e+02	3.455453534688674e-04
8.80000e+02	2.254164834144800e-04
8.96000e+02	1.211913557310674e-04
9.12000e+02	2.155619283123365e-05
9.28000e+02	-7.922917555423354e-05
9.44000e+02	-1.765038193037966e-04
9.60000e+02	-2.688878378106335e-04
9.76000e+02	-3.496185683027627e-04
9.92000e+02	-4.125916446811773e-04
1.00800e+03	-4.635167279192640e-04
1.02400e+03	-5.062336972716491e-04
1.04000e+03	-5.365864477941155e-04
1.05600e+03	-5.572685716339508e-04
1.07200e+03	-5.657440909255500e-04
1.08800e+03	-5.556301613208891e-04
1.10400e+03	-5.444699676963877e-04
1.12000e+03	-5.393293862168460e-04
1.13600e+03	-5.299734203260421e-04
1.15200e+03	-5.140196931748100e-04
1.16800e+03	-4.756179283025518e-04
1.18400e+03	-4.049360284001262e-04
1.20000e+03	-3.150958608843138e-04
1.21600e+03	-2.167691816419822e-04
1.23200e+03	-1.137790940051753e-04
1.24800e+03	-1.423624014234494e-05
1.26400e+03	7.920143400450417e-05
1.28000e+03	1.663236282119020e-04
1.29600e+03	2.305438057935175e-04
1.31200e+03	2.670981075038853e-04
1.32800e+03	2.777568535706478e-04
1.34400e+03	2.587591283785289e-04
1.36000e+03	2.315141663101189e-04
1.37600e+03	2.076472200358768e-04
1.39200e+03	1.755374767388500e-04
1.40800e+03	1.315799096784750e-04
1.42400e+03	6.574796538820229e-05
1.44000e+03	-3.051466509550782e-05
1.45600e+03	-1.434978516620787e-04
1.47200e+03	-2.583379512175429e-04
1.48800e+03	-3.800389663705691e-04
1.50400e+03	-5.056376257402354e-04
1.52000e+03	-6.222838449892766e-04
1.53600e+03	-7.240479976827624e-04
1.55200e+03	-7.912642777315232e-04
1.56800e+03	-8.128884909678732e-04
1.58400e+03	-7.962219636743843e-04
1.60000e+03	-7.460316178236293e-04
1.61600e+03	-6.708133671541249e-04
1.63200e+03	-5.787947424834794e-04
1.64800e+03	-4.691743642468133e-04
1.66400e+03	-3.419946798758551e-04
1.68000e+03	-2.045210459554369e-04
1.69600e+03	-5.898423318851365e-05
1.71200e+03	9.119077253161915e-05
1.72800e+03	2.384785846524442e-04
1.74400e+03	3.918706735761884e-04
1.76000e+03	5.556687392286274e-04
1.77600e+03	7.159576510821741e-04
1.79200e+03	8.645145348403375e-04
1.80800e+03	9.953158151642602e-04
1.82400e+03	1.099483166157287e-03
1.84000e+03	1.182824291859739e-03
1.85600e+03	1.254610386965204e-03
1.87200e+03	1.300232299702287e-03
1.88800e+03	1.315626301563918e-03
1.90400e+03	1.312930631979990e-03
1.92000e+03	1.296372670926499e-03
1.93600e+03	1.284837284922516e-03
1.95200e+03	1.290222221990534e-03
1.96800e+03	1.301343254675992e-03
1.98400e+03	1.309981447481006e-03
2.00000e+03	1.312180138324526e-03
2.01600e+03	1.300489655415115e-03
2.03200e+03	1.275378674856228e-03
2.04800e+03	1.238791212541529e-03
2.06400e+03	1.176521228230621e-03
2.08000e+03	1.086340706416369e-03
2.09600e+03	9.698550697677771e-04
2.11200e+03	8.229501665185708e-04
2.12800e+03	6.697682076059317e-04
2.14400e+03	5.228429479142687e-04
2.16000e+03	3.705016817755062e-04
2.17600e+03	2.100345971195853e-04
2.19200e+03	2.836049250130544e-05
2.20800e+03	-1.839175993510893e-04
2.22400e+03	-4.108766231405275e-04
2.24000e+03	-6.367409988652407e-04
2.25600e+03	-8.624731971166735e-04
2.27200e+03	-1.082166492363638e-03
2.28800e+03	-1.284638661301900e-03
2.30400e+03	-1.464465700161167e-03
2.32000e+03	-1.601681741706675e-03
2.33600e+03	-1.686696431349277e-03
2.35200e+03	-1.724244554064734e-03
2.36800e+03	-1.716159754753524e-03
2.38400e+03	-1.676129881273381e-03
2.40000e+03	-1.613099184763649e-03
2.41600e+03	-1.524434532617174e-03
2.43200e+03	-1.411121085418103e-03
2.44800e+03	-1.271489945088132e-03
2.46400e+03	-1.104177220277336e-03
2.48000e+03	-9.179536348131297e-04
2.49600e+03	-7.223212453131858e-04
2.51200e+03	-5.166211918478323e-04
2.52800e+03	-3.037733651529137e-04
2.54400e+03	-9.259497581660237e-05
2.56000e+03	1.116306378059917e-04
2.57600e+03	2.985841408507533e-04
2.59200e+03	4.614655476112439e-04
2.60800e+03	6.021695825779256e-04
2.62400e+03	7.223449696999921e-04
2.64000e+03	8.232763982009918e-04
2.65600e+03	9.066059535781687e-04
2.67200e+03	9.732539230892086e-04
2.68800e+03	1.023975007829536e-03
2.70400e+03	1.061125214570096e-03
2.72000e+03	1.086018057949735e-03
2.73600e+03	1.099348572334836e-03
2.75200e+03	1.102497636226169e-03
2.76800e+03	1.094444194724505e-03
2.78400e+03	1.074845704212748e-03
2.80000e+03	1.046246242643930e-03
2.81600e+03	1.010317407311205e-03
2.83200e+03	9.682431350321218e-04
2.84800e+03	9.219166948689145e-04
2.86400e+03	8.707843828591147e-04
2.88000e+03	8.138110380014673e-04
2.89600e+03	7.543480843718427e-04
2.91200e+03	6.935575214075573e-04
2.92800e+03	6.302640114950420e-04
2.94400e+03	5.647908050398857e-04
2.96000e+03	4.935260577061203e-04
2.97600e+03	4.147439034619862e-04
2.99200e+03	3.314621288775742e-04
3.00800e+03	2.454852479034447e-04
3.02400e+03	1.593276058293314e-04
3.04000e+03	7.593952529924497e-05
3.05600e+03	-5.811272485285867e-06
3.07200e+03	-8.689430157148688e-05
3.08800e+03	-1.636272580341484e-04
3.10400e+03	-2.356871403680636e-04
3.12000e+03	-3.026238509393535e-04
3.13600e+03	-3.618597988045739e-04
3.15200e+03	-4.204650037427841e-04
3.16800e+03	-4.819867329635502e-04
3.18400e+03	-5.408038681677237e-04
3.20000e+03	-5.944999176384889e-04
3.21600e+03	-6.388411481362655e-04
3.23200e+03	-6.696668916678268e-04
3.24800e+03	-6.917252287450768e-04
3.26400e+03	-7.104181916082457e-04
3.28000e+03	-7.219378419037322e-04
3.29600e+03	-7.266140817487774e-04
3.31200e+03	-7.292475458680861e-04
3.32800e+03	-7.312959422489763e-04
3.34400e+03	-7.419471076460622e-04
3.36000e+03	-7.663910532771654e-04
3.37600e+03	-7.997948542070234e-04
3.39200e+03	-8.395579075684511e-04
3.40800e+03	-8.817777159448433e-04
3.42400e+03	-9.212532891449724e-04
3.44000e+03	-9.607733504940925e-04
3.45600e+03	-1.003030326192907e-03
3.47200e+03	-1.040285787042834e-03
3.48800e+03	-1.071295786963713e-03
3.50400e+03	-1.096404124957877e-03
3.52000e+03	-1.110651963300650e-03
3.53600e+03	-1.127197939396553e-03
3.55200e+03	-1.154225439176794e-03
3.56800e+03	-1.177685616012197e-03
3.58400e+03	-1.189688568963428e-03
3.60000e+03	-1.187222306236240e-03
3.61600e+03	-1.162005551962462e-03
3.63200e+03	-1.121882489403312e-03
3.64800e+03	-1.079455363236532e-03
3.66400e+03	-1.015374285531567e-03
3.68000e+03	-9.240431653397873e-04
3.69600e+03	-8.222445926724981e-04
3.71200e+03	-7.159820797725606e-04
3.72800e+03	-6.295980195398993e-04
3.74400e+03	-5.791352220513915e-04
3.76000e+03	-5.491247101665416e-04
3.77600e+03	-5.276540610109384e-04
3.79200e+03	-5.117716373703746e-04
3.80800e+03	-4.918414555336982e-04
3.82400e+03	-4.672996325447583e-04
3.84000e+03	-4.409269094598690e-04
3.85600e+03	-3.895348233059230e-04
3.87200e+03	-3.072864058218755e-04
3.88800e+03	-1.990205145513873e-04
3.90400e+03	-5.978370236971700e-05
3.92000e+03	7.788534773015736e-05
3.93600e+03	1.944810942563967e-04
3.95200e+03	3.106396207191453e-04
3.96800e+03	4.352600618221207e-04
3.98400e+03	5.779317800863425e-04
4.00000e+03	7.514782551932340e-04
4.01600e+03	9.376304169880092e-04
4.03200e+03	1.112113906939589e-03
4.04800e+03	1.294458305255778e-03
4.06400e+03	1.488283335998193e-03
4.08000e+03	1.664848413167701e-03
4.09600e+03	1.810541903939217e-03
4.11200e+03	1.894943278712667e-03
4.12800e+03	1.896193451360527e-03
4.14400e+03	1.832684477635526e-03
4.16000e+03	1.722545025221610e-03
4.17600e+03	1.564002642444740e-03
4.19200e+03	1.366055848550892e-03
4.20800e+03	1.141123856295817e-03
4.22400e+03	8.944071563425457e-04
4.24000e+03	6.577020812888951e-04
4.25600e+03	4.475256265834517e-04
4.27200e+03	2.576201873587720e-04
4.28800e+03	9.103983254088375e-05
4.30400e+03	-7.009170059546031e-05
4.32000e+03	-2.400820840178177e-04
4.33600e+03	-3.972083488809985e-04
4.35200e+03	-5.270102055156328e-04
4.36800e+03	-6.349877831661248e-04
4.38400e+03	-7.099121751768868e-04
4.40000e+03	-7.593465780746858e-04
4.41600e+03	-8.019466116863767e-04
4.43200e+03	-7.905546418561628e-04
4.44800e+03	-7.064838103193708e-04
4.46400e+03	-5.802453196222528e-04
4.48000e+03	-4.211105742170462e-04
4.49600e+03	-2.727025021677130e-04
4.51200e+03	-1.631889555546446e-04
4.52800e+03	-5.965773310143887e-05
4.54400e+03	6.570641428813167e-05
4.56000e+03	2.197496028058353e-04
4.57600e+03	4.200907406897726e-04
4.59200e+03	6.761417044523879e-04
4.60800e+03	9.903025204426731e-04
4.62400e+03	1.401305074830972e-03
4.64000e+03	1.919767795673039e-03
4.65600e+03	2.540385490391645e-03
4.67200e+03	3.267943469494889e-03
4.68800e+03	4.050869073419975e-03
4.70400e+03	4.862593133125897e-03
4.72000e+03	5.719613473465567e-03
4.73600e+03	6.620514044901171e-03
4.75200e+03	7.593779980247001e-03
