% signal t-range (microseconds):	-0.0080000000	4.3600000
% breakpoint	1	3.8333333
% svcs	1	0	2	2
% svcs	2	0	51	51
-0.0080000000	0.17269548	0.18014487
0.0080000000	0.19221941	0.17833689
0.024000000	0.18402167	0.17608357
0.040000000	0.19150702	0.17344364
0.056000000	0.18402114	0.17053926
0.072000000	0.17731139	0.16741718
0.088000000	0.17955776	0.16410794
0.10400000	0.15848303	0.16062957
0.12000000	0.16347049	0.15701567
0.13600000	0.17288864	0.15329026
0.15200000	0.14859886	0.14947834
0.16800000	0.15667394	0.14559261
0.18400000	0.14449040	0.14165234
0.20000000	0.14998786	0.13768710
0.21600000	0.14977842	0.13369420
0.23200000	0.13105119	0.12972266
0.24800000	0.12476637	0.12574853
0.26400000	0.11407917	0.12183043
0.28000000	0.12222241	0.11793820
0.29600000	0.12031759	0.11413524
0.31200000	0.11045977	0.11037688
0.32800000	0.10546550	0.10673202
0.34400000	0.098392959	0.10316620
0.36000000	0.10441875	0.099708140
0.37600000	0.099258020	0.096377777
0.39200000	0.086824824	0.093136373
0.40800000	0.081914605	0.090044398
0.42400000	0.077554408	0.087075589
0.44000000	0.086576585	0.084214378
0.45600000	0.071505627	0.081506539
0.47200000	0.063317327	0.078926306
0.48800000	0.087185011	0.076446348
0.50400000	0.060493387	0.074127674
0.52000000	0.073326450	0.071915255
0.53600000	0.058033305	0.069814224
0.55200000	0.066327285	0.067826052
0.56800000	0.058593541	0.065971862
0.58400000	0.068718249	0.064195672
0.60000000	0.068168215	0.062514418
0.61600000	0.047251116	0.060934599
0.63200000	0.055345970	0.059451409
0.64800000	0.057613965	0.058031869
0.66400000	0.064887210	0.056670428
0.68000000	0.054725171	0.055409342
0.69600000	0.045890643	0.054204468
0.71200000	0.043718922	0.053048671
0.72800000	0.054020452	0.051935627
0.74400000	0.050925544	0.050886735
0.76000000	0.051971265	0.049905173
0.77600000	0.050148691	0.048943390
0.79200000	0.055689308	0.048008693
0.80800000	0.056120339	0.047135349
0.82400000	0.040111975	0.046300728
0.84000000	0.048597992	0.045513752
0.85600000	0.049353791	0.044747692
0.87200000	0.046971161	0.043998590
0.88800000	0.042293140	0.043314057
0.90400000	0.048668961	0.042673804
0.92000000	0.036492077	0.042063274
0.93600000	0.042876975	0.041482405
0.95200000	0.041346671	0.040936407
0.96800000	0.048065188	0.040419304
0.98400000	0.032368293	0.039970126
1.0000000	0.053781738	0.039565877
1.0160000	0.056895058	0.039172567
1.0320000	0.032292630	0.038815608
1.0480000	0.047873210	0.038490226
1.0640000	0.038487698	0.038217721
1.0800000	0.032979624	0.037980584
1.0960000	0.052340750	0.037787168
1.1120000	0.044785808	0.037604475
1.1280000	0.030673133	0.037420276
1.1440000	0.032961939	0.037276279
1.1600000	0.021968823	0.037179689
1.1760000	0.039308023	0.037089337
1.1920000	0.034165860	0.037018091
1.2080000	0.029761462	0.036934589
1.2240000	0.033408992	0.036848726
1.2400000	0.033874272	0.036763849
1.2560000	0.036298501	0.036681069
1.2720000	0.036827050	0.036618592
1.2880000	0.042269705	0.036535788
1.3040000	0.045449333	0.036416833
1.3200000	0.037801556	0.036261792
1.3360000	0.032782487	0.036103647
1.3520000	0.037761958	0.035903615
1.3680000	0.021979223	0.035697710
1.3840000	0.033702984	0.035460735
1.4000000	0.047721961	0.035190314
1.4160000	0.043923465	0.034883704
1.4320000	0.019550844	0.034512571
1.4480000	0.030993695	0.034092389
1.4640000	0.024456218	0.033667057
1.4800000	0.042055286	0.033207271
1.4960000	0.024530156	0.032713484
1.5120000	0.032029807	0.032177367
1.5280000	0.0053869335	0.031609326
1.5440000	0.036200030	0.031004698
1.5600000	0.030204648	0.030335050
1.5760000	0.023547034	0.029658664
1.5920000	0.039975853	0.028953415
1.6080000	0.024559129	0.028249549
1.6240000	0.025341343	0.027524243
1.6400000	0.040272219	0.026776762
1.6560000	0.0079566132	0.025991375
1.6720000	0.028190594	0.025186922
1.6880000	0.026606926	0.024381059
1.7040000	0.022905440	0.023562670
1.7200000	0.015548228	0.022752823
1.7360000	0.034026310	0.021940543
1.7520000	0.0099836229	0.021152503
1.7680000	0.036961172	0.020367575
1.7840000	0.016977039	0.019559699
1.8000000	0.027423521	0.018760513
1.8160000	0.032340953	0.017961544
1.8320000	0.017604019	0.017161268
1.8480000	0.015482675	0.016405959
1.8640000	0.016918792	0.015685458
1.8800000	0.0081369233	0.014966541
1.8960000	0.025927003	0.014261201
1.9120000	0.017261498	0.013581796
1.9280000	0.0026997149	0.012915494
1.9440000	0.030225918	0.012253767
1.9600000	0.022579971	0.011603112
1.9760000	0.012788626	0.010977546
1.9920000	0.010140172	0.010380386
2.0080000	0.0056276486	0.0098367427
2.0240000	-0.0012615668	0.0093135198
2.0400000	0.011375948	0.0088096104
2.0560000	0.00042709575	0.0083144815
2.0720000	0.012113328	0.0078200244
2.0880000	0.011024881	0.0073523871
2.1040000	0.0034115437	0.0069221843
2.1200000	0.0019244724	0.0065093945
2.1360000	-0.00020156437	0.0061091703
2.1520000	0.0011708347	0.0057375429
2.1680000	0.0043490814	0.0054057477
2.1840000	0.0020615596	0.0051075005
2.2000000	0.0096948213	0.0048301234
2.2160000	0.0011577629	0.0045538517
2.2320000	0.013708101	0.0042873513
2.2480000	0.0051179060	0.0040285454
2.2640000	0.0019303120	0.0037929663
2.2800000	0.00047933282	0.0036015345
2.2960000	-0.0042556393	0.0034168664
2.3120000	0.011673765	0.0032512743
2.3280000	-0.0033196268	0.0031146116
2.3440000	-0.0020223883	0.0030111559
2.3600000	0.00062792817	0.0028919524
2.3760000	0.0086688066	0.0028030073
2.3920000	-0.0044702400	0.0027322650
2.4080000	0.0031443308	0.0026396139
2.4240000	-0.0079154436	0.0025414318
2.4400000	0.0043030806	0.0024764572
2.4560000	0.011443826	0.0024047793
2.4720000	-0.0042017126	0.0023757313
2.4880000	0.0075059709	0.0023513565
2.5040000	0.0019160672	0.0023447119
2.5200000	0.0031582729	0.0023198377
2.5360000	0.0054741105	0.0023017536
2.5520000	0.0016449467	0.0022736084
2.5680000	0.013489317	0.0022202537
2.5840000	0.0087519694	0.0021890801
2.6000000	-0.0053337696	0.0021267369
2.6160000	0.0091869793	0.0020740546
2.6320000	-0.0042714823	0.0020210351
2.6480000	0.014053552	0.0019640233
2.6640000	-0.0052473809	0.0019116071
2.6800000	0.0080372474	0.0018460022
2.6960000	-0.0055477425	0.0017911972
2.7120000	0.0092372125	0.0017337339
2.7280000	-0.00090159969	0.0016299673
2.7440000	-0.010213175	0.0015074591
2.7600000	0.0082532377	0.0013732417
2.7760000	0.0020739298	0.0012112535
2.7920000	-0.0011720057	0.0010704463
2.8080000	0.022062982	0.00092515329
2.8240000	-0.0070235045	0.00076907356
2.8400000	-0.00092851363	0.00059858909
2.8560000	-0.0027032535	0.00042801767
2.8720000	-0.0068880724	0.00024819581
2.8880000	0.0055084264	0.000087451280
2.9040000	0.011427497	-0.00011869730
2.9200000	-0.0019974594	-0.00031810500
2.9360000	-0.0020520080	-0.00053871646
2.9520000	-0.00029874755	-0.00076755773
2.9680000	-0.010490788	-0.00099159874
2.9840000	-0.0099002631	-0.0012549445
3.0000000	-0.0031340147	-0.0015025721
3.0160000	0.0048941491	-0.0017302901
3.0320000	-0.0046159111	-0.0019502551
3.0480000	0.0011116249	-0.0021533147
3.0640000	0.0016063872	-0.0023506814
3.0800000	0.0046468780	-0.0025771268
3.0960000	0.010627860	-0.0027926660
3.1120000	-0.0084584247	-0.0030082745
3.1280000	-0.011233134	-0.0032249678
3.1440000	-0.0052090501	-0.0034374657
3.1600000	-0.0063104913	-0.0036413340
3.1760000	0.0058923136	-0.0038474524
3.1920000	-0.0055199025	-0.0040351099
3.2080000	-0.022281894	-0.0042001962
3.2240000	-0.0020300461	-0.0043751957
3.2400000	-0.019015910	-0.0045069501
3.2560000	0.0036128638	-0.0046435389
3.2720000	0.0017449645	-0.0047493104
3.2880000	-0.0020872367	-0.0048331053
3.3040000	-0.0091102423	-0.0049109758
3.3200000	0.014998236	-0.0049652291
3.3360000	-0.029058701	-0.0050500813
3.3520000	-0.0025328156	-0.0051248415
3.3680000	-0.00056688899	-0.0051822269
3.3840000	-0.0044767994	-0.0052241016
3.4000000	-0.011159600	-0.0052247863
3.4160000	-0.012947134	-0.0052071215
3.4320000	0.0015794732	-0.0051731617
3.4480000	0.0071805950	-0.0051364826
3.4640000	-0.014383587	-0.0051042888
3.4800000	-0.0029099141	-0.0050175531
3.4960000	-0.0069105094	-0.0049168474
3.5120000	-0.013314640	-0.0047848047
3.5280000	0.020686529	-0.0046482754
3.5440000	-0.0039367619	-0.0045179690
3.5600000	-0.0076928127	-0.0043825432
3.5760000	-0.0030681530	-0.0042308344
3.5920000	0.00018265199	-0.0040775918
3.6080000	-0.013554349	-0.0039341094
3.6240000	0.0010541917	-0.0037793553
3.6400000	-0.00056366101	-0.0035893515
3.6560000	0.0025840286	-0.0033775544
3.6720000	-0.014061621	-0.0031639802
3.6880000	0.0036925272	-0.0029222508
3.7040000	0.0039993229	-0.0026620343
3.7200000	-0.0061506828	-0.0024088517
3.7360000	-0.0070736200	-0.0021664356
3.7520000	-0.0066039259	-0.0019085370
3.7680000	-0.0056239685	-0.0016700924
3.7840000	-0.0039756480	-0.0014123195
3.8000000	-0.0043029034	-0.0011862790
3.8160000	-0.0019966099	-0.00093507426
3.8320000	0.0015238059	-0.00069323359
3.8480000	-0.0038347341	-0.00046206371
3.8640000	0.010178603	-0.00023825339
3.8800000	0.0054778953	-0.0000038002771
3.8960000	-0.0041113873	0.00026811114
3.9120000	-0.0014814420	0.00051257998
3.9280000	0.0046365183	0.00076682467
3.9440000	0.010968363	0.0010219948
3.9600000	-0.0074644314	0.0012741119
3.9760000	-0.0063019721	0.0015056101
3.9920000	0.0041690606	0.0017531259
4.0080000	-0.017283033	0.0019568593
4.0240000	0.0061449818	0.0021476514
4.0400000	0.0055252999	0.0023153211
4.0560000	0.013587034	0.0024885081
4.0720000	-0.010095763	0.0026552472
4.0880000	-0.012524925	0.0028254548
4.1040000	0.0089238169	0.0029816771
4.1200000	0.010724532	0.0031209336
4.1360000	0.017878299	0.0032919642
4.1520000	0.0093566573	0.0034483034
4.1680000	0.0022245050	0.0035635142
4.1840000	-0.0062922107	0.0036808061
4.2000000	0.010009805	0.0038091964
4.2160000	0.0036096282	0.0039184215
4.2320000	0.011708904	0.0040271026
4.2480000	-0.0016975020	0.0041397301
4.2640000	-0.0035787988	0.0042275601
4.2800000	0.013953111	0.0043085451
4.2960000	0.011672313	0.0043495737
4.3120000	0.0094449583	0.0043781447
4.3280000	0.0010025571	0.0044319916
4.3440000	-0.0014363350	0.0044589257
4.3600000	0.00024462145	0.0044839284
