% signal t-range (microseconds):	-0.0040000000	1.7640000
% breakpoint	1	3.5814480
% svcs	1	0	0	0
% svcs	2	0	46	46
-0.0040000000	0.10206498	0.096934839
0.0040000000	0.092599559	0.096767978
0.012000000	0.10196104	0.096499988
0.020000000	0.10511205	0.096150664
0.028000000	0.088585205	0.095723696
0.036000000	0.10707132	0.095221809
0.044000000	0.088268084	0.094647326
0.052000000	0.094236056	0.094003215
0.060000000	0.096280428	0.093291755
0.068000000	0.092474781	0.092514757
0.076000000	0.096071486	0.091674604
0.084000000	0.087767093	0.090773494
0.092000000	0.087462988	0.089813919
0.10000000	0.098108956	0.088798057
0.10800000	0.088237772	0.087728350
0.11600000	0.094152312	0.086607500
0.12400000	0.092851376	0.085437928
0.13200000	0.081558122	0.084222461
0.14000000	0.078954253	0.082963710
0.14800000	0.081332002	0.081664438
0.15600000	0.076217166	0.080327585
0.16400000	0.081073883	0.078955826
0.17200000	0.080268601	0.077552193
0.18000000	0.073232238	0.076119478
0.18800000	0.076209319	0.074660549
0.19600000	0.072034828	0.073178537
0.20400000	0.068018869	0.071675797
0.21200000	0.061337770	0.070155905
0.22000000	0.063895049	0.068620998
0.22800000	0.066527173	0.067074201
0.23600000	0.054339081	0.065518533
0.24400000	0.061041981	0.063955803
0.25200000	0.062319067	0.062389522
0.26000000	0.059319405	0.060821978
0.26800000	0.062017243	0.059255017
0.27600000	0.054214334	0.057691808
0.28400000	0.063377007	0.056134489
0.29200000	0.051983627	0.054584430
0.30000000	0.049557986	0.053044490
0.30800000	0.048125249	0.051516914
0.31600000	0.039940321	0.050002395
0.32400000	0.053851945	0.048503054
0.33200000	0.047651328	0.047021693
0.34000000	0.056802109	0.045558586
0.34800000	0.041275733	0.044114374
0.35600000	0.041124087	0.042692115
0.36400000	0.044316240	0.041292699
0.37200000	0.036130401	0.039915726
0.38000000	0.038769911	0.038562495
0.38800000	0.048523258	0.037235082
0.39600000	0.035801203	0.035933755
0.40400000	0.032768071	0.034657745
0.41200000	0.041562976	0.033408021
0.42000000	0.036591820	0.032186125
0.42800000	0.019886653	0.030991962
0.43600000	0.033348396	0.029824914
0.44400000	0.030901653	0.028684528
0.45200000	0.026265384	0.027572182
0.46000000	0.027653000	0.026488433
0.46800000	0.022963218	0.025431846
0.47600000	0.023858682	0.024401584
0.48400000	0.025723779	0.023398069
0.49200000	0.017992519	0.022422028
0.50000000	0.024666701	0.021473345
0.50800000	0.015745272	0.020549769
0.51600000	0.029070582	0.019650602
0.52400000	0.023379762	0.018777166
0.53200000	0.023789237	0.017929217
0.54000000	0.014793536	0.017105811
0.54800000	0.018386385	0.016305502
0.55600000	0.018448274	0.015527298
0.56400000	0.017816913	0.014772070
0.57200000	0.011015959	0.014040301
0.58000000	0.015501711	0.013330413
0.58800000	0.011290871	0.012641010
0.59600000	0.011739375	0.011971857
0.60400000	0.0075654877	0.011322893
0.61200000	0.0021114440	0.010694130
0.62000000	0.0048967025	0.010085788
0.62800000	0.011071402	0.0094964245
0.63600000	0.00043059036	0.0089247040
0.64400000	0.0053374839	0.0083707624
0.65200000	0.014118306	0.0078352119
0.66000000	0.010116285	0.0073177838
0.66800000	0.0025100340	0.0068179802
0.67600000	-0.00061209151	0.0063355932
0.68400000	0.0083514425	0.0058693329
0.69200000	0.013841230	0.0054184514
0.70000000	-0.0022451711	0.0049844906
0.70800000	0.0024246938	0.0045678748
0.71600000	0.012409746	0.0041676048
0.72400000	0.011212999	0.0037830729
0.73200000	0.0054774107	0.0034136402
0.74000000	0.0064254213	0.0030594096
0.74800000	0.0032949743	0.0027204897
0.75600000	0.0035612856	0.0023973497
0.76400000	0.0028544596	0.0020909164
0.77200000	0.0012062683	0.0017999870
0.78000000	0.0012100794	0.0015229597
0.78800000	0.00056394383	0.0012600562
0.79600000	-0.0018764976	0.0010122145
0.80400000	-0.00026719078	0.00077973043
0.81200000	-0.00054201861	0.00056231325
0.82000000	0.00034128123	0.00035980425
0.82800000	0.00065127531	0.00017182603
0.83600000	0.0024828769	-0.0000022053382
0.84400000	0.00080534753	-0.00016320667
0.85200000	-0.0029402034	-0.00031104295
0.86000000	-0.0073424773	-0.00044401598
0.86800000	0.00050878911	-0.00056251780
0.87600000	-0.0047835114	-0.00066806463
0.88400000	-0.000054618504	-0.00076088125
0.89200000	-0.00063827844	-0.00084120168
0.90000000	-0.0025067403	-0.00090950158
0.90800000	0.0016259614	-0.00096610218
0.91600000	0.0013799944	-0.0010112219
0.92400000	0.0073375269	-0.0010444943
0.93200000	-0.0069115460	-0.0010659560
0.94000000	0.0014384513	-0.0010762398
0.94800000	-0.0060191145	-0.0010769321
0.95600000	-0.00037320364	-0.0010692656
0.96400000	-0.0013912900	-0.0010523445
0.97200000	0.0039623013	-0.0010262452
0.98000000	0.0015833198	-0.00099196849
0.98800000	-0.00062608456	-0.00094965715
0.99600000	0.0071967273	-0.00089939819
1.0040000	-0.0065200185	-0.00084187600
1.0120000	-0.0071074163	-0.00077814581
1.0200000	0.0055179607	-0.00070947393
1.0280000	-0.010455884	-0.00063661095
1.0360000	-0.0039123444	-0.00055937522
1.0440000	-0.0059895100	-0.00047712653
1.0520000	-0.00064127889	-0.00039008021
1.0600000	-0.00056354325	-0.00029955232
1.0680000	0.0039759344	-0.00020697434
1.0760000	-0.00053853317	-0.00011244954
1.0840000	0.0027317484	-0.000016194716
1.0920000	-0.0072241156	0.000080555644
1.1000000	0.00010763171	0.00017721767
1.1080000	-0.0044785598	0.00027426586
1.1160000	0.0031402919	0.00037181469
1.1240000	0.0013650461	0.00046951665
1.1320000	-0.0027298023	0.00056670283
1.1400000	0.0021727423	0.00066236668
1.1480000	-0.0024477897	0.00075533913
1.1560000	0.0040332530	0.00084521769
1.1640000	0.0044762313	0.00093246745
1.1720000	-0.0029043935	0.0010174877
1.1800000	0.0050090191	0.0010996861
1.1880000	-0.00016274830	0.0011781393
1.1960000	-0.0033105066	0.0012533479
1.2040000	0.0019326229	0.0013256601
1.2120000	-0.0017773321	0.0013943455
1.2200000	-0.0011400775	0.0014579484
1.2280000	0.0042692096	0.0015166385
1.2360000	0.0076135563	0.0015701606
1.2440000	0.0011596569	0.0016188180
1.2520000	0.0054618285	0.0016631311
1.2600000	0.010728229	0.0017034018
1.2680000	0.0024970017	0.0017394107
1.2760000	-0.0029521092	0.0017706689
1.2840000	0.0097003612	0.0017965334
1.2920000	-0.0045365396	0.0018172787
1.3000000	0.0013600128	0.0018329838
1.3080000	-0.00092577048	0.0018443023
1.3160000	0.0068234560	0.0018499077
1.3240000	-0.0073892377	0.0018496758
1.3320000	0.0032082498	0.0018450021
1.3400000	0.0037397791	0.0018368907
1.3480000	-0.0021126609	0.0018251231
1.3560000	-0.0065565024	0.0018084795
1.3640000	0.0015122226	0.0017876825
1.3720000	-0.0015020707	0.0017625105
1.3800000	0.0021102445	0.0017324355
1.3880000	0.0033742852	0.0016978412
1.3960000	0.0016796530	0.0016595110
1.4040000	0.00083812425	0.0016174546
1.4120000	-0.0015834311	0.0015718727
1.4200000	-0.0041816051	0.0015229429
1.4280000	0.0034884261	0.0014712146
1.4360000	-0.0025320428	0.0014171667
1.4440000	0.012698974	0.0013603506
1.4520000	-0.0021376569	0.0013014907
1.4600000	0.0080906671	0.0012393529
1.4680000	0.0036353911	0.0011734263
1.4760000	0.00026932945	0.0011045487
1.4840000	0.0025163916	0.0010337813
1.4920000	0.0021649895	0.00096186794
1.5000000	0.0083044143	0.00088834544
1.5080000	0.0045632194	0.00081366306
1.5160000	-0.0044720344	0.00073861820
1.5240000	-0.0035933863	0.00066232938
1.5320000	-0.0031385045	0.00058440874
1.5400000	0.0034448035	0.00050523577
1.5480000	0.0034082353	0.00042585412
1.5560000	-0.0021075352	0.00034603863
1.5640000	0.0087927376	0.00026524137
1.5720000	-0.0085207406	0.00018345461
1.5800000	0.011593556	0.00010156373
1.5880000	0.0011308874	0.000020665074
1.5960000	-0.0047893235	-0.000059363141
1.6040000	-0.00051942570	-0.00013776893
1.6120000	-0.0015371676	-0.00021523123
1.6200000	-0.0016697741	-0.00029227508
1.6280000	0.0015610081	-0.00036941470
1.6360000	-0.000071352748	-0.00044570218
1.6440000	-0.012784715	-0.00052042276
1.6520000	-0.0019376095	-0.00059381449
1.6600000	-0.0030882510	-0.00066664181
1.6680000	0.00025963998	-0.00073776840
1.6760000	-0.0031159942	-0.00080655808
1.6840000	-0.0012836268	-0.00087297333
1.6920000	-0.0021047212	-0.00093720289
1.7000000	-0.00025296141	-0.00099950823
1.7080000	0.0036007256	-0.0010592250
1.7160000	-0.0079828912	-0.0011157691
1.7240000	0.0078390008	-0.0011696955
1.7320000	-0.0030155513	-0.0012221433
1.7400000	-0.0013210598	-0.0012732094
1.7480000	-0.0016864984	-0.0013219155
1.7560000	-0.012126870	-0.0013681670
1.7640000	0.0015820906	-0.0014108818
