% signal t-range:	-0.0064000000	2.8256000
% breakpoint	1	3.9237288
% svcs	1	0	0	0
% svcs	2	0	41	41
1.0000000	-1.9601377e-9	-1.9601377e-9	-1.9601377e-9
1.0508475	9.6389128e-9	9.6389128e-9	9.6389128e-9
1.1016949	1.3936959e-8	1.3936959e-8	1.3936959e-8
1.1525424	8.0568238e-9	8.0568238e-9	8.0568238e-9
1.2033898	-4.7030991e-9	-4.7030991e-9	-4.7030991e-9
1.2542373	-8.0265688e-9	-8.0265688e-9	-8.0265688e-9
1.3050847	-1.2657536e-8	-1.2657536e-8	-1.2657536e-8
1.3559322	-2.2194872e-8	-2.2194872e-8	-2.2194872e-8
1.4067797	-3.0629795e-8	-3.0629795e-8	-3.0629795e-8
1.4576271	-3.4017200e-8	-3.4017200e-8	-3.4017200e-8
1.5084746	-3.7108183e-8	-3.7108183e-8	-3.7108183e-8
1.5593220	-4.1276715e-8	-4.1276715e-8	-4.1276715e-8
1.6101695	-4.4892437e-8	-4.4892437e-8	-4.4892437e-8
1.6610169	-4.9158282e-8	-4.9158282e-8	-4.9158282e-8
1.7118644	-5.4539768e-8	-5.4539768e-8	-5.4539768e-8
1.7627119	-5.8536917e-8	-5.8536917e-8	-5.8536917e-8
1.8135593	-6.3671236e-8	-6.3671236e-8	-6.3671236e-8
1.8644068	-6.9094809e-8	-6.9094809e-8	-6.9094809e-8
1.9152542	-7.6164234e-8	-7.6164234e-8	-7.6164234e-8
1.9661017	-8.0890571e-8	-8.0890571e-8	-8.0890571e-8
2.0169492	-8.8949600e-8	-8.8949600e-8	-8.8949600e-8
2.0677966	-9.5006024e-8	-9.5006024e-8	-9.5006024e-8
2.1186441	-1.0115517e-7	-1.0115517e-7	-1.0115517e-7
2.1694915	-1.0834045e-7	-1.0834045e-7	-1.0834045e-7
2.2203390	-1.1663597e-7	-1.1663597e-7	-1.1663597e-7
2.2711864	-1.2621859e-7	-1.2621859e-7	-1.2621859e-7
2.3220339	-1.3498793e-7	-1.3498793e-7	-1.3498793e-7
2.3728814	-1.4089288e-7	-1.4089288e-7	-1.4089288e-7
2.4237288	-1.5124851e-7	-1.5124851e-7	-1.5124851e-7
2.4745763	-1.6292878e-7	-1.6292878e-7	-1.6292878e-7
2.5254237	-1.6876455e-7	-1.6876455e-7	-1.6876455e-7
2.5762712	-1.8442965e-7	-1.8442965e-7	-1.8442965e-7
2.6271186	-1.8967882e-7	-1.8967882e-7	-1.8967882e-7
2.6779661	-2.0605301e-7	-2.0605301e-7	-2.0605301e-7
2.7288136	-2.1503497e-7	-2.1503497e-7	-2.1503497e-7
2.7796610	-2.2549325e-7	-2.2549325e-7	-2.2549325e-7
2.8305085	-2.4480346e-7	-2.4480346e-7	-2.4480346e-7
2.8813559	-2.5091702e-7	-2.5091702e-7	-2.5091702e-7
2.9322034	-2.6387937e-7	-2.6387937e-7	-2.6387937e-7
2.9830508	-2.8594080e-7	-2.8594080e-7	-2.8594080e-7
3.0338983	-2.9767206e-7	-2.9767206e-7	-2.9767206e-7
3.0847458	-3.0428236e-7	-3.0428236e-7	-3.0428236e-7
3.1355932	-3.2337179e-7	-3.2337179e-7	-3.2337179e-7
3.1864407	-3.4802763e-7	-3.4802763e-7	-3.4802763e-7
3.2372881	-3.6509181e-7	-3.6509181e-7	-3.6509181e-7
3.2881356	-3.7268092e-7	-3.7268092e-7	-3.7268092e-7
3.3389831	-3.8403866e-7	-3.8403866e-7	-3.8403866e-7
3.3898305	-4.0656078e-7	-4.0656078e-7	-4.0656078e-7
3.4406780	-4.3466207e-7	-4.3466207e-7	-4.3466207e-7
3.4915254	-4.6046335e-7	-4.6046335e-7	-4.6046335e-7
3.5423729	-4.7846021e-7	-4.7846021e-7	-4.7846021e-7
3.5932203	-4.8917548e-7	-4.8917548e-7	-4.8917548e-7
3.6440678	-4.9995752e-7	-4.9995752e-7	-4.9995752e-7
3.6949153	-5.1800978e-7	-5.1800978e-7	-5.1800978e-7
3.7457627	-5.4461997e-7	-5.4461997e-7	-5.4461997e-7
3.7966102	-5.7659466e-7	-5.7659466e-7	-5.7659466e-7
3.8474576	-6.1002657e-7	-6.1002657e-7	-6.1002657e-7
3.8983051	-6.4170084e-7	-6.4170084e-7	-6.4170084e-7
3.9491525	0.0010037506	0.0010037506	0.0010037506
4.0000000	0.0019866722	0.0019866722	0.0019866722
4.0508475	0.0026972209	0.0026972209	0.0026972209
4.1016949	0.0031072497	0.0031072497	0.0031072497
4.1525424	0.0033078430	0.0033078430	0.0033078430
4.2033898	0.0033998865	0.0033998865	0.0033998865
4.2542373	0.0034235999	0.0034235999	0.0034235999
4.3050847	0.0033526074	0.0033526074	0.0033526074
4.3559322	0.0031321287	0.0031321287	0.0031321287
4.4067797	0.0027252165	0.0027252165	0.0027252165
4.4576271	0.0021406915	0.0021406915	0.0021406915
4.5084746	0.0014349753	0.0014349753	0.0014349753
4.5593220	0.00069439516	0.00069439516	0.00069439516
4.6101695	0.000010115323	0.000010115323	0.000010115323
4.6610169	-0.00054370270	-0.00054370270	-0.00054370270
4.7118644	-0.00092274761	-0.00092274761	-0.00092274761
4.7627119	-0.0011154842	-0.0011154842	-0.0011154842
4.8135593	-0.0011383955	-0.0011383955	-0.0011383955
4.8644068	-0.0010270006	-0.0010270006	-0.0010270006
4.9152542	-0.00082588830	-0.00082588830	-0.00082588830
4.9661017	-0.00058004962	-0.00058004962	-0.00058004962
5.0169492	-0.00032867855	-0.00032867855	-0.00032867855
5.0677966	-0.00010169194	-0.00010169194	-0.00010169194
5.1186441	0.000081380939	0.000081380939	0.000081380939
5.1694915	0.00021077339	0.00021077339	0.00021077339
5.2203390	0.00028480536	0.00028480536	0.00028480536
5.2711864	0.00030774985	0.00030774985	0.00030774985
5.3220339	0.00028768052	0.00028768052	0.00028768052
5.3728814	0.00023457747	0.00023457747	0.00023457747
5.4237288	0.00015882931	0.00015882931	0.00015882931
5.4745763	0.000070166753	0.000070166753	0.000070166753
5.5254237	-0.000023003609	-0.000023003609	-0.000023003609
5.5762712	-0.00011393242	-0.00011393242	-0.00011393242
5.6271186	-0.00019760777	-0.00019760777	-0.00019760777
5.6779661	-0.00027066062	-0.00027066062	-0.00027066062
5.7288136	-0.00033116333	-0.00033116333	-0.00033116333
5.7796610	-0.00037837525	-0.00037837525	-0.00037837525
5.8305085	-0.00041247477	-0.00041247477	-0.00041247477
5.8813559	-0.00043430460	-0.00043430460	-0.00043430460
5.9322034	-0.00044514617	-0.00044514617	-0.00044514617
5.9830508	-0.00044653082	-0.00044653082	-0.00044653082
6.0338983	-0.00044008998	-0.00044008998	-0.00044008998
6.0847458	-0.00042744236	-0.00042744236	-0.00042744236
6.1355932	-0.00041011423	-0.00041011423	-0.00041011423
6.1864407	-0.00038948755	-0.00038948755	-0.00038948755
6.2372881	-0.00036677065	-0.00036677065	-0.00036677065
6.2881356	-0.00034298626	-0.00034298626	-0.00034298626
6.3389831	-0.00031897233	-0.00031897233	-0.00031897233
6.3898305	-0.00029539173	-0.00029539173	-0.00029539173
6.4406780	-0.00027274765	-0.00027274765	-0.00027274765
6.4915254	-0.00025140214	-0.00025140214	-0.00025140214
6.5423729	-0.00023159600	-0.00023159600	-0.00023159600
6.5932203	-0.00021346863	-0.00021346863	-0.00021346863
6.6440678	-0.00019707684	-0.00019707684	-0.00019707684
6.6949153	-0.00018241218	-0.00018241218	-0.00018241218
6.7457627	-0.00016941624	-0.00016941624	-0.00016941624
6.7966102	-0.00015799406	-0.00015799406	-0.00015799406
6.8474576	-0.00014802541	-0.00014802541	-0.00014802541
6.8983051	-0.00013937422	-0.00013937422	-0.00013937422
6.9491525	-0.00013189614	-0.00013189614	-0.00013189614
7.0000000	-0.00012544463	-0.00012544463	-0.00012544463
7.0508475	-0.00011987556	-0.00011987556	-0.00011987556
7.1016949	-0.00011505069	-0.00011505069	-0.00011505069
7.1525424	-0.00011084010	-0.00011084010	-0.00011084010
7.2033898	-0.00010712389	-0.00010712389	-0.00010712389
7.2542373	-0.00010379309	-0.00010379309	-0.00010379309
7.3050847	-0.00010075011	-0.00010075011	-0.00010075011
7.3559322	-0.000097908826	-0.000097908826	-0.000097908826
7.4067797	-0.000095194262	-0.000095194262	-0.000095194262
7.4576271	-0.000092542109	-0.000092542109	-0.000092542109
7.5084746	-0.000089898072	-0.000089898072	-0.000089898072
7.5593220	-0.000087217122	-0.000087217122	-0.000087217122
7.6101695	-0.000084462684	-0.000084462684	-0.000084462684
7.6610169	-0.000081605809	-0.000081605809	-0.000081605809
7.7118644	-0.000078624352	-0.000078624352	-0.000078624352
7.7627119	-0.000075502170	-0.000075502170	-0.000075502170
7.8135593	-0.000072228360	-0.000072228360	-0.000072228360
7.8644068	-0.000068796544	-0.000068796544	-0.000068796544
7.9152542	-0.000065204206	-0.000065204206	-0.000065204206
7.9661017	-0.000061452090	-0.000061452090	-0.000061452090
8.0169492	-0.000057543644	-0.000057543644	-0.000057543644
8.0677966	-0.000053484534	-0.000053484534	-0.000053484534
8.1186441	-0.000049282201	-0.000049282201	-0.000049282201
8.1694915	-0.000044945476	-0.000044945476	-0.000044945476
8.2203390	-0.000040484238	-0.000040484238	-0.000040484238
8.2711864	-0.000035909125	-0.000035909125	-0.000035909125
8.3220339	-0.000031231276	-0.000031231276	-0.000031231276
8.3728814	-0.000026462117	-0.000026462117	-0.000026462117
8.4237288	-0.000021613177	-0.000021613177	-0.000021613177
8.4745763	-0.000016695938	-0.000016695938	-0.000016695938
8.5254237	-0.000011721707	-0.000011721707	-0.000011721707
8.5762712	-0.0000067015125	-0.0000067015125	-0.0000067015125
8.6271186	-0.0000016460263	-0.0000016460263	-0.0000016460263
8.6779661	0.0000034345038	0.0000034345038	0.0000034345038
8.7288136	0.0000085303010	0.0000085303010	0.0000085303010
8.7796610	0.000013632094	0.000013632094	0.000013632094
8.8305085	0.000018731143	0.000018731143	0.000018731143
8.8813559	0.000023819250	0.000023819250	0.000023819250
8.9322034	0.000028888768	0.000028888768	0.000028888768
8.9830508	0.000033932597	0.000033932597	0.000033932597
9.0338983	0.000038944182	0.000038944182	0.000038944182
9.0847458	0.000043917496	0.000043917496	0.000043917496
9.1355932	0.000048847032	0.000048847032	0.000048847032
9.1864407	0.000053727780	0.000053727780	0.000053727780
9.2372881	0.000058555212	0.000058555212	0.000058555212
9.2881356	0.000063325257	0.000063325257	0.000063325257
9.3389831	0.000068034283	0.000068034283	0.000068034283
9.3898305	0.000072679069	0.000072679069	0.000072679069
9.4406780	0.000077256790	0.000077256790	0.000077256790
9.4915254	0.000081764983	0.000081764983	0.000081764983
9.5423729	0.000086201534	0.000086201534	0.000086201534
9.5932203	0.000090564649	0.000090564649	0.000090564649
9.6440678	0.000094852838	0.000094852838	0.000094852838
9.6949153	0.000099064886	0.000099064886	0.000099064886
9.7457627	0.00010319984	0.00010319984	0.00010319984
9.7966102	0.00010725698	0.00010725698	0.00010725698
9.8474576	0.00011123582	0.00011123582	0.00011123582
9.8983051	0.00011513606	0.00011513606	0.00011513606
9.9491525	0.00011895759	0.00011895759	0.00011895759
10.000000	0.00012270047	0.00012270047	0.00012270047
