% signal t-range:	0.0000000	2.1840000
% breakpoint	1	3.5549451
% svcs	1	0	0	0
% svcs	2	0	9	9
1.0000000	-5.9956888e-7	-5.9956888e-7	-5.9956888e-7
1.0329670	-3.3786267e-7	-3.3786267e-7	-3.3786267e-7
1.0659341	-1.2892885e-7	-1.2892885e-7	-1.2892885e-7
1.0989011	7.0368224e-8	7.0368224e-8	7.0368224e-8
1.1318681	2.6794845e-7	2.6794845e-7	2.6794845e-7
1.1648352	3.8397758e-7	3.8397758e-7	3.8397758e-7
1.1978022	6.5472497e-7	6.5472497e-7	6.5472497e-7
1.2307692	0.0000013239304	0.0000013239304	0.0000013239304
1.2637363	0.0000036655465	0.0000036655465	0.0000036655465
1.2967033	0.0000042994900	0.0000042994900	0.0000042994900
1.3296703	0.0000045558019	0.0000045558019	0.0000045558019
1.3626374	0.0000049779739	0.0000049779739	0.0000049779739
1.3956044	0.0000053363510	0.0000053363510	0.0000053363510
1.4285714	0.0000056083351	0.0000056083351	0.0000056083351
1.4615385	0.0000061370311	0.0000061370311	0.0000061370311
1.4945055	0.0000064450039	0.0000064450039	0.0000064450039
1.5274725	0.0000068407816	0.0000068407816	0.0000068407816
1.5604396	0.0000073421781	0.0000073421781	0.0000073421781
1.5934066	0.0000079428735	0.0000079428735	0.0000079428735
1.6263736	0.0000082431009	0.0000082431009	0.0000082431009
1.6593407	0.0000089297950	0.0000089297950	0.0000089297950
1.6923077	0.0000092163926	0.0000092163926	0.0000092163926
1.7252747	0.0000099329339	0.0000099329339	0.0000099329339
1.7582418	0.000010649359	0.000010649359	0.000010649359
1.7912088	0.000011263026	0.000011263026	0.000011263026
1.8241758	0.000011887543	0.000011887543	0.000011887543
1.8571429	0.000012556552	0.000012556552	0.000012556552
1.8901099	0.000013182660	0.000013182660	0.000013182660
1.9230769	0.000013637356	0.000013637356	0.000013637356
1.9560440	0.000014115987	0.000014115987	0.000014115987
1.9890110	0.000015199059	0.000015199059	0.000015199059
2.0219780	0.000016120669	0.000016120669	0.000016120669
2.0549451	0.000016325875	0.000016325875	0.000016325875
2.0879121	0.000017758503	0.000017758503	0.000017758503
2.1208791	0.000018128173	0.000018128173	0.000018128173
2.1538462	0.000019310454	0.000019310454	0.000019310454
2.1868132	0.000019895553	0.000019895553	0.000019895553
2.2197802	0.000021244877	0.000021244877	0.000021244877
2.2527473	0.000021489209	0.000021489209	0.000021489209
2.2857143	0.000023427539	0.000023427539	0.000023427539
2.3186813	0.000023384228	0.000023384228	0.000023384228
2.3516484	0.000024971942	0.000024971942	0.000024971942
2.3846154	0.000026455417	0.000026455417	0.000026455417
2.4175824	0.000026351875	0.000026351875	0.000026351875
2.4505495	0.000028212463	0.000028212463	0.000028212463
2.4835165	0.000030047016	0.000030047016	0.000030047016
2.5164835	0.000029982883	0.000029982883	0.000029982883
2.5494505	0.000031008038	0.000031008038	0.000031008038
2.5824176	0.000033517734	0.000033517734	0.000033517734
2.6153846	0.000034992918	0.000034992918	0.000034992918
2.6483516	0.000034905742	0.000034905742	0.000034905742
2.6813187	0.000035781711	0.000035781711	0.000035781711
2.7142857	0.000038292301	0.000038292301	0.000038292301
2.7472527	0.000040788537	0.000040788537	0.000040788537
2.7802198	0.000041813868	0.000041813868	0.000041813868
2.8131868	0.000041759073	0.000041759073	0.000041759073
2.8461538	0.000042534098	0.000042534098	0.000042534098
2.8791209	0.000044850728	0.000044850728	0.000044850728
2.9120879	0.000047851973	0.000047851973	0.000047851973
2.9450549	0.000050402376	0.000050402376	0.000050402376
2.9780220	0.000051706935	0.000051706935	0.000051706935
3.0109890	0.000051915055	0.000051915055	0.000051915055
3.0439560	0.000052164514	0.000052164514	0.000052164514
3.0769231	0.000053501290	0.000053501290	0.000053501290
3.1098901	0.000056058454	0.000056058454	0.000056058454
3.1428571	0.000059311851	0.000059311851	0.000059311851
3.1758242	0.000062621315	0.000062621315	0.000062621315
3.2087912	0.000065421479	0.000065421479	0.000065421479
3.2417582	0.000067299559	0.000067299559	0.000067299559
3.2747253	0.000068196558	0.000068196558	0.000068196558
3.3076923	0.000068521464	0.000068521464	0.000068521464
3.3406593	0.000068960426	0.000068960426	0.000068960426
3.3736264	0.000070108543	0.000070108543	0.000070108543
3.4065934	0.000072217648	0.000072217648	0.000072217648
3.4395604	0.000075195968	0.000075195968	0.000075195968
3.4725275	0.000078767379	0.000078767379	0.000078767379
3.5054945	0.000082625418	0.000082625418	0.000082625418
3.5384615	0.000086498026	0.000086498026	0.000086498026
3.5714286	0.0023437688	0.0023437688	0.0023437688
3.6043956	0.0023956080	0.0023956080	0.0023956080
3.6373626	0.0026884002	0.0026884002	0.0026884002
3.6703297	0.0032407359	0.0032407359	0.0032407359
3.7032967	0.0040405979	0.0040405979	0.0040405979
3.7362637	0.0050476215	0.0050476215	0.0050476215
3.7692308	0.0062008913	0.0062008913	0.0062008913
3.8021978	0.0074297466	0.0074297466	0.0074297466
3.8351648	0.0086643200	0.0086643200	0.0086643200
3.8681319	0.0098433122	0.0098433122	0.0098433122
3.9010989	0.010918001	0.010918001	0.010918001
3.9340659	0.011852884	0.011852884	0.011852884
3.9670330	0.012624151	0.012624151	0.012624151
4.0000000	0.013217350	0.013217350	0.013217350
4.0329670	0.013625252	0.013625252	0.013625252
4.0659341	0.013846441	0.013846441	0.013846441
4.0989011	0.013884665	0.013884665	0.013884665
4.1318681	0.013748675	0.013748675	0.013748675
4.1648352	0.013452200	0.013452200	0.013452200
4.1978022	0.013013727	0.013013727	0.013013727
4.2307692	0.012455894	0.012455894	0.012455894
4.2637363	0.011804470	0.011804470	0.011804470
4.2967033	0.011086999	0.011086999	0.011086999
4.3296703	0.010331275	0.010331275	0.010331275
4.3626374	0.0095638255	0.0095638255	0.0095638255
4.3956044	0.0088085799	0.0088085799	0.0088085799
4.4285714	0.0080858309	0.0080858309	0.0080858309
4.4615385	0.0074115677	0.0074115677	0.0074115677
4.4945055	0.0067971854	0.0067971854	0.0067971854
4.5274725	0.0062495427	0.0062495427	0.0062495427
4.5604396	0.0057713054	0.0057713054	0.0057713054
4.5934066	0.0053615017	0.0053615017	0.0053615017
4.6263736	0.0050162061	0.0050162061	0.0050162061
4.6593407	0.0047292793	0.0047292793	0.0047292793
4.6923077	0.0044931004	0.0044931004	0.0044931004
4.7252747	0.0042992437	0.0042992437	0.0042992437
4.7582418	0.0041390669	0.0041390669	0.0041390669
4.7912088	0.0040041930	0.0040041930	0.0040041930
4.8241758	0.0038868782	0.0038868782	0.0038868782
4.8571429	0.0037802697	0.0037802697	0.0037802697
4.8901099	0.0036785627	0.0036785627	0.0036785627
4.9230769	0.0035770705	0.0035770705	0.0035770705
4.9560440	0.0034722231	0.0034722231	0.0034722231
4.9890110	0.0033615118	0.0033615118	0.0033615118
5.0219780	0.0032433938	0.0032433938	0.0032433938
5.0549451	0.0031171717	0.0031171717	0.0031171717
5.0879121	0.0029828599	0.0029828599	0.0029828599
5.1208791	0.0028410465	0.0028410465	0.0028410465
5.1538462	0.0026927596	0.0026927596	0.0026927596
5.1868132	0.0025393416	0.0025393416	0.0025393416
5.2197802	0.0023823373	0.0023823373	0.0023823373
5.2527473	0.0022233957	0.0022233957	0.0022233957
5.2857143	0.0020641878	0.0020641878	0.0020641878
5.3186813	0.0019063404	0.0019063404	0.0019063404
5.3516484	0.0017513834	0.0017513834	0.0017513834
5.3846154	0.0016007124	0.0016007124	0.0016007124
5.4175824	0.0014555616	0.0014555616	0.0014555616
5.4505495	0.0013169886	0.0013169886	0.0013169886
5.4835165	0.0011858669	0.0011858669	0.0011858669
5.5164835	0.0010628860	0.0010628860	0.0010628860
5.5494505	0.00094855741	0.00094855741	0.00094855741
5.5824176	0.00084322401	0.00084322401	0.00084322401
5.6153846	0.00074707343	0.00074707343	0.00074707343
5.6483516	0.00066015284	0.00066015284	0.00066015284
5.6813187	0.00058238509	0.00058238509	0.00058238509
5.7142857	0.00051358532	0.00051358532	0.00051358532
5.7472527	0.00045347735	0.00045347735	0.00045347735
5.7802198	0.00040170962	0.00040170962	0.00040170962
5.8131868	0.00035787018	0.00035787018	0.00035787018
5.8461538	0.00032150062	0.00032150062	0.00032150062
5.8791209	0.00029210880	0.00029210880	0.00029210880
5.9120879	0.00026918017	0.00026918017	0.00026918017
5.9450549	0.00025218787	0.00025218787	0.00025218787
5.9780220	0.00024060143	0.00024060143	0.00024060143
6.0109890	0.00023389423	0.00023389423	0.00023389423
6.0439560	0.00023154977	0.00023154977	0.00023154977
6.0769231	0.00023306682	0.00023306682	0.00023306682
6.1098901	0.00023796353	0.00023796353	0.00023796353
6.1428571	0.00024578068	0.00024578068	0.00024578068
6.1758242	0.00025608402	0.00025608402	0.00025608402
6.2087912	0.00026846600	0.00026846600	0.00026846600
6.2417582	0.00028254683	0.00028254683	0.00028254683
6.2747253	0.00029797492	0.00029797492	0.00029797492
6.3076923	0.00031442703	0.00031442703	0.00031442703
6.3406593	0.00033160793	0.00033160793	0.00033160793
6.3736264	0.00034924976	0.00034924976	0.00034924976
6.4065934	0.00036711121	0.00036711121	0.00036711121
6.4395604	0.00038497640	0.00038497640	0.00038497640
6.4725275	0.00040265373	0.00040265373	0.00040265373
6.5054945	0.00041997454	0.00041997454	0.00041997454
6.5384615	0.00043679177	0.00043679177	0.00043679177
6.5714286	0.00045297847	0.00045297847	0.00045297847
6.6043956	0.00046842647	0.00046842647	0.00046842647
6.6373626	0.00048304487	0.00048304487	0.00048304487
6.6703297	0.00049675868	0.00049675868	0.00049675868
6.7032967	0.00050950748	0.00050950748	0.00050950748
6.7362637	0.00052124405	0.00052124405	0.00052124405
6.7692308	0.00053193317	0.00053193317	0.00053193317
6.8021978	0.00054155040	0.00054155040	0.00054155040
6.8351648	0.00055008093	0.00055008093	0.00055008093
6.8681319	0.00055751856	0.00055751856	0.00055751856
6.9010989	0.00056386468	0.00056386468	0.00056386468
6.9340659	0.00056912737	0.00056912737	0.00056912737
6.9670330	0.00057332052	0.00057332052	0.00057332052
7.0000000	0.00057646306	0.00057646306	0.00057646306
7.0329670	0.00057857822	0.00057857822	0.00057857822
7.0659341	0.00057969291	0.00057969291	0.00057969291
7.0989011	0.00057983705	0.00057983705	0.00057983705
7.1318681	0.00057904309	0.00057904309	0.00057904309
7.1648352	0.00057734550	0.00057734550	0.00057734550
7.1978022	0.00057478028	0.00057478028	0.00057478028
7.2307692	0.00057138464	0.00057138464	0.00057138464
7.2637363	0.00056719657	0.00056719657	0.00056719657
7.2967033	0.00056225458	0.00056225458	0.00056225458
7.3296703	0.00055659742	0.00055659742	0.00055659742
7.3626374	0.00055026378	0.00055026378	0.00055026378
7.3956044	0.00054329216	0.00054329216	0.00054329216
7.4285714	0.00053572061	0.00053572061	0.00053572061
7.4615385	0.00052758662	0.00052758662	0.00052758662
7.4945055	0.00051892697	0.00051892697	0.00051892697
7.5274725	0.00050977762	0.00050977762	0.00050977762
7.5604396	0.00050017361	0.00050017361	0.00050017361
7.5934066	0.00049014897	0.00049014897	0.00049014897
7.6263736	0.00047973670	0.00047973670	0.00047973670
7.6593407	0.00046896867	0.00046896867	0.00046896867
7.6923077	0.00045787562	0.00045787562	0.00045787562
7.7252747	0.00044648711	0.00044648711	0.00044648711
7.7582418	0.00043483155	0.00043483155	0.00043483155
7.7912088	0.00042293612	0.00042293612	0.00042293612
7.8241758	0.00041082683	0.00041082683	0.00041082683
7.8571429	0.00039852851	0.00039852851	0.00039852851
7.8901099	0.00038606480	0.00038606480	0.00038606480
7.9230769	0.00037345820	0.00037345820	0.00037345820
7.9560440	0.00036073007	0.00036073007	0.00036073007
7.9890110	0.00034790067	0.00034790067	0.00034790067
8.0219780	0.00033498915	0.00033498915	0.00033498915
8.0549451	0.00032201362	0.00032201362	0.00032201362
8.0879121	0.00030899117	0.00030899117	0.00030899117
8.1208791	0.00029593789	0.00029593789	0.00029593789
8.1538462	0.00028286891	0.00028286891	0.00028286891
8.1868132	0.00026979842	0.00026979842	0.00026979842
8.2197802	0.00025673975	0.00025673975	0.00025673975
8.2527473	0.00024370534	0.00024370534	0.00024370534
8.2857143	0.00023070683	0.00023070683	0.00023070683
8.3186813	0.00021775506	0.00021775506	0.00021775506
8.3516484	0.00020486011	0.00020486011	0.00020486011
8.3846154	0.00019203136	0.00019203136	0.00019203136
8.4175824	0.00017927746	0.00017927746	0.00017927746
8.4505495	0.00016660646	0.00016660646	0.00016660646
8.4835165	0.00015402574	0.00015402574	0.00015402574
8.5164835	0.00014154211	0.00014154211	0.00014154211
8.5494505	0.00012916180	0.00012916180	0.00012916180
8.5824176	0.00011689052	0.00011689052	0.00011689052
8.6153846	0.00010473345	0.00010473345	0.00010473345
8.6483516	0.000092695321	0.000092695321	0.000092695321
8.6813187	0.000080780385	0.000080780385	0.000080780385
8.7142857	0.000068992475	0.000068992475	0.000068992475
8.7472527	0.000057335015	0.000057335015	0.000057335015
8.7802198	0.000045811049	0.000045811049	0.000045811049
8.8131868	0.000034423261	0.000034423261	0.000034423261
8.8461538	0.000023173996	0.000023173996	0.000023173996
8.8791209	0.000012065281	0.000012065281	0.000012065281
8.9120879	0.0000010988445	0.0000010988445	0.0000010988445
8.9450549	-0.0000097238664	-0.0000097238664	-0.0000097238664
8.9780220	-0.000020401666	-0.000020401666	-0.000020401666
9.0109890	-0.000030933615	-0.000030933615	-0.000030933615
9.0439560	-0.000041319004	-0.000041319004	-0.000041319004
9.0769231	-0.000051557336	-0.000051557336	-0.000051557336
9.1098901	-0.000061648318	-0.000061648318	-0.000061648318
9.1428571	-0.000071591840	-0.000071591840	-0.000071591840
9.1758242	-0.000081387966	-0.000081387966	-0.000081387966
9.2087912	-0.000091036921	-0.000091036921	-0.000091036921
9.2417582	-0.00010053908	-0.00010053908	-0.00010053908
9.2747253	-0.00010989495	-0.00010989495	-0.00010989495
9.3076923	-0.00011910518	-0.00011910518	-0.00011910518
9.3406593	-0.00012817053	-0.00012817053	-0.00012817053
9.3736264	-0.00013709185	-0.00013709185	-0.00013709185
9.4065934	-0.00014587012	-0.00014587012	-0.00014587012
9.4395604	-0.00015450638	-0.00015450638	-0.00015450638
9.4725275	-0.00016300179	-0.00016300179	-0.00016300179
9.5054945	-0.00017135756	-0.00017135756	-0.00017135756
9.5384615	-0.00017957497	-0.00017957497	-0.00017957497
9.5714286	-0.00018765537	-0.00018765537	-0.00018765537
9.6043956	-0.00019560016	-0.00019560016	-0.00019560016
9.6373626	-0.00020341080	-0.00020341080	-0.00020341080
9.6703297	-0.00021108878	-0.00021108878	-0.00021108878
9.7032967	-0.00021863565	-0.00021863565	-0.00021863565
9.7362637	-0.00022605298	-0.00022605298	-0.00022605298
9.7692308	-0.00023334238	-0.00023334238	-0.00023334238
9.8021978	-0.00024050547	-0.00024050547	-0.00024050547
9.8351648	-0.00024754392	-0.00024754392	-0.00024754392
9.8681319	-0.00025445939	-0.00025445939	-0.00025445939
9.9010989	-0.00026125358	-0.00026125358	-0.00026125358
9.9340659	-0.00026792818	-0.00026792818	-0.00026792818
9.9670330	-0.00027448492	-0.00027448492	-0.00027448492
10.000000	-0.00028092550	-0.00028092550	-0.00028092550
