# Filename: 022421_AerAW15N2H_B21_150K_DEE_6000ns_42MHz.DSC.txt
# Bckg_type: polyexp1_0.95_0.5
# FirstColumn: Time[us]
# SecondColumn: BckgSubtractedData
3.20000e-03	7.146537628464486e-02
1.92000e-02	6.221025050029845e-02
3.52000e-02	6.413501304203570e-02
5.12000e-02	6.072694946327876e-02
6.72000e-02	6.872278909393872e-02
8.32000e-02	6.037567945662690e-02
9.92000e-02	6.352445569990266e-02
1.15200e-01	5.230033635521569e-02
1.31200e-01	4.870696365577574e-02
1.47200e-01	5.572736059879290e-02
1.63200e-01	5.336935295494523e-02
1.79200e-01	5.709646676740215e-02
1.95200e-01	6.404629812532855e-02
2.11200e-01	5.616405626201380e-02
2.27200e-01	5.425300241563331e-02
2.43200e-01	4.648339561605003e-02
2.59200e-01	5.337441502833790e-02
2.75200e-01	3.944677673355777e-02
2.91200e-01	5.429877101252069e-02
3.07200e-01	4.091960202495715e-02
3.23200e-01	4.491218927755157e-02
3.39200e-01	3.986538534940223e-02
3.55200e-01	3.102972030607961e-02
3.71200e-01	3.685988124032041e-02
3.87200e-01	3.574698657595130e-02
4.03200e-01	3.683397555933494e-02
4.19200e-01	3.262620109951077e-02
4.35200e-01	4.488170519302442e-02
4.51200e-01	2.445753502713509e-02
4.67200e-01	3.534788218580662e-02
4.83200e-01	3.615942491443395e-02
4.99200e-01	4.124225615609409e-02
5.15200e-01	3.366130013128395e-02
5.31200e-01	2.926444199713169e-02
5.47200e-01	3.491680838733528e-02
5.63200e-01	2.237993551741020e-02
5.79200e-01	2.564199501268851e-02
5.95200e-01	2.764120840429467e-02
6.11200e-01	2.581241786449258e-02
6.27200e-01	2.151629021922149e-02
6.43200e-01	3.275973905285754e-02
6.59200e-01	3.080927410212105e-02
6.75200e-01	3.006286687390103e-02
6.91200e-01	2.778347543920728e-02
7.07200e-01	3.329771449652424e-02
7.23200e-01	2.056716040683142e-02
7.39200e-01	2.918825865499767e-02
7.55200e-01	2.113410589984741e-02
7.71200e-01	2.658134715765554e-02
7.87200e-01	2.998971020905281e-02
8.03200e-01	2.841251666070025e-02
8.19200e-01	3.848008578401446e-02
8.35200e-01	2.531681496413964e-02
8.51200e-01	3.062671448993363e-02
8.67200e-01	2.536021941766364e-02
8.83200e-01	2.620325136403129e-02
8.99200e-01	2.142525972151302e-02
9.15200e-01	2.682292874403585e-02
9.31200e-01	2.598376473257726e-02
9.47200e-01	3.026485202621476e-02
9.63200e-01	1.960700163264137e-02
9.79200e-01	2.074310851858872e-02
9.95200e-01	1.800747587050414e-02
1.01120e+00	1.926908437221322e-02
1.02720e+00	2.686943218634226e-02
1.04320e+00	2.838712468579489e-02
1.05920e+00	1.237076075148571e-02
1.07520e+00	2.029438519698483e-02
1.09120e+00	2.596828221868500e-02
1.10720e+00	1.651295735105143e-02
1.12320e+00	2.174115152034608e-02
1.13920e+00	2.084256804679664e-02
1.15520e+00	2.444421379008846e-02
1.17120e+00	2.734038745653745e-02
1.18720e+00	2.697907764506679e-02
1.20320e+00	2.128410564770773e-02
1.21920e+00	2.609992009998035e-02
1.23520e+00	3.445522039312169e-02
1.25120e+00	2.876179942704835e-02
1.26720e+00	2.090635466542774e-02
1.28320e+00	2.012672363092664e-02
1.29920e+00	1.846454321747908e-02
1.31520e+00	1.205184280720145e-02
1.33120e+00	1.204561818220956e-02
1.34720e+00	2.681137335300608e-02
1.36320e+00	1.336864805476540e-02
1.37920e+00	2.395043869550052e-02
1.39520e+00	2.789158233064655e-02
1.41120e+00	1.320612434408710e-02
1.42720e+00	1.656437617901092e-02
1.44320e+00	1.862382610724460e-02
1.45920e+00	1.676565391879099e-02
1.47520e+00	1.763692143526415e-02
1.49120e+00	1.060057793311350e-02
1.50720e+00	1.552664040570093e-02
1.52320e+00	5.218082636994674e-03
1.53920e+00	7.739996125312695e-03
1.55520e+00	2.740305832751517e-02
1.57120e+00	2.651043799527594e-02
1.58720e+00	6.713512624877731e-03
1.60320e+00	1.397234089755480e-02
1.61920e+00	1.059953492639215e-02
1.63520e+00	2.059114318804508e-02
1.65120e+00	1.785887364525969e-02
1.66720e+00	1.936170669940332e-02
1.68320e+00	1.130488675852774e-02
1.69920e+00	1.821646721614985e-02
1.71520e+00	1.772850648910239e-02
1.73120e+00	1.122870198374804e-02
1.74720e+00	1.312557464221343e-02
1.76320e+00	1.223912297555902e-02
1.77920e+00	1.032450265666147e-02
1.79520e+00	8.332567501175276e-03
1.81120e+00	8.274964218887860e-03
1.82720e+00	8.544368731436986e-03
1.84320e+00	1.533395221534654e-02
1.85920e+00	3.093850442586645e-03
1.87520e+00	1.211079018075799e-02
1.89120e+00	6.775496038731241e-03
1.90720e+00	7.659194265468906e-03
1.92320e+00	8.559004611128723e-03
1.93920e+00	2.151297553675257e-03
1.95520e+00	1.004710343719202e-02
1.97120e+00	1.321199690300758e-02
1.98720e+00	8.381713178227515e-03
2.00320e+00	6.325173555758282e-03
2.01920e+00	1.494440968247819e-02
2.03520e+00	9.943259030390774e-04
2.05120e+00	1.278535858844316e-02
2.06720e+00	1.447960236052628e-02
2.08320e+00	1.355430875682381e-02
2.09920e+00	1.615248528906443e-02
2.11520e+00	-5.608168296157082e-05
2.13120e+00	1.928479883592015e-03
2.14720e+00	1.020734242418725e-02
2.16320e+00	9.638018708418718e-03
2.17920e+00	5.646329121852128e-03
2.19520e+00	-1.420277369820759e-03
2.21120e+00	1.655783442564064e-02
2.22720e+00	1.641739647990852e-02
2.24320e+00	9.256228880421791e-03
2.25920e+00	1.245424679568357e-02
2.27520e+00	5.077966406290777e-03
2.29120e+00	8.900407578600555e-03
2.30720e+00	9.424526032512469e-03
2.32320e+00	1.310624563219077e-02
2.33920e+00	-9.223419524845314e-04
2.35520e+00	4.956903612999100e-03
2.37120e+00	5.805865490930270e-03
2.38720e+00	4.507950216956403e-03
2.40320e+00	1.316314445022410e-03
2.41920e+00	7.831067841590576e-03
2.43520e+00	3.697120446519042e-03
2.45120e+00	-3.447907402858761e-03
2.46720e+00	3.681453721225347e-03
2.48320e+00	6.193214290921879e-04
2.49920e+00	3.223173593768710e-03
2.51520e+00	9.271776699936878e-03
2.53120e+00	6.157215617806718e-04
2.54720e+00	3.624360218874473e-03
2.56320e+00	5.060281456763412e-03
2.57920e+00	9.144769940336139e-03
2.59520e+00	4.551028305732366e-03
2.61120e+00	5.931487739734895e-03
2.62720e+00	1.255342723198346e-02
2.64320e+00	-3.393901458787656e-03
2.65920e+00	4.038106074512273e-03
2.67520e+00	1.024850512291545e-02
2.69120e+00	5.521122180147542e-03
2.70720e+00	-2.379434918980232e-03
2.72320e+00	7.779716600404755e-03
2.73920e+00	-2.791313112811572e-03
2.75520e+00	3.124842191338903e-03
2.77120e+00	-1.210235806064764e-02
2.78720e+00	3.867319186621896e-03
2.80320e+00	-4.091383284767035e-04
2.81920e+00	-2.192376018628556e-03
2.83520e+00	-5.855652509046667e-03
2.85120e+00	6.621852261475327e-04
2.86720e+00	8.476815686079621e-03
2.88320e+00	5.414174548582490e-03
2.89920e+00	-3.739043404101565e-03
2.91520e+00	1.505229762002825e-03
2.93120e+00	-2.150401021738681e-03
2.94720e+00	-4.833683069819371e-03
2.96320e+00	4.085160908479170e-03
2.97920e+00	2.021687396467250e-03
2.99520e+00	-3.350835258488890e-03
3.01120e+00	6.977053810710632e-03
3.02720e+00	1.484455804436819e-03
3.04320e+00	-1.161083439186799e-03
3.05920e+00	-9.092682416822364e-03
3.07520e+00	8.922758542697822e-03
3.09120e+00	4.935049625883128e-03
3.10720e+00	6.887494324015066e-03
3.12320e+00	3.855669303381997e-03
3.13920e+00	1.030822872972163e-02
3.15520e+00	1.238329201513774e-03
3.17120e+00	1.130439401075863e-02
3.18720e+00	-5.933607140081328e-03
3.20320e+00	2.398193544675312e-03
3.21920e+00	-5.386061096281029e-03
3.23520e+00	1.637357153646536e-03
3.25120e+00	2.790700286470144e-03
3.26720e+00	-2.540187830649375e-03
3.28320e+00	9.750571265080839e-03
3.29920e+00	-3.690197586095750e-03
3.31520e+00	-1.027176953427318e-02
3.33120e+00	1.149111499993453e-03
3.34720e+00	-5.667868615594740e-03
3.36320e+00	3.964664449211382e-03
3.37920e+00	-1.373424580063483e-03
3.39520e+00	6.995520457248048e-04
3.41120e+00	8.009499551379296e-04
3.42720e+00	5.991359659332154e-03
3.44320e+00	-2.019337594438220e-03
3.45920e+00	-6.997127857437009e-03
3.47520e+00	6.793518532133629e-05
3.49120e+00	1.052842152612440e-02
3.50720e+00	6.558171275537104e-03
3.52320e+00	1.399379059418002e-03
3.53920e+00	6.245237495849342e-03
3.55520e+00	-1.295049661002328e-02
3.57120e+00	1.082380514972280e-03
3.58720e+00	-7.587310051839044e-03
3.60320e+00	1.883014606899425e-03
3.61920e+00	2.243959179480650e-03
3.63520e+00	-7.072962643380298e-03
3.65120e+00	-1.033937436782893e-03
3.66720e+00	-6.159408856882441e-03
3.68320e+00	8.835862832065230e-04
3.69920e+00	6.132401962845820e-03
3.71520e+00	5.476884150648269e-03
3.73120e+00	-9.143926684566109e-03
3.74720e+00	2.081168221978013e-02
3.76320e+00	5.261226988447886e-03
3.77920e+00	-9.062793396974626e-03
3.79520e+00	5.866209210448030e-03
3.81120e+00	1.221250461274222e-02
3.82720e+00	-4.533375729588285e-03
3.84320e+00	-1.071648719414283e-02
3.85920e+00	-7.575731813729151e-04
3.87520e+00	-7.919333189643388e-03
3.89120e+00	-4.937708551849000e-03
3.90720e+00	7.955290131270951e-03
3.92320e+00	2.569433749920076e-03
3.93920e+00	-6.537516358986527e-03
3.95520e+00	-1.057223649183407e-02
3.97120e+00	1.734350535575878e-03
3.98720e+00	-9.764439946675087e-03
4.00320e+00	-6.718621239396392e-03
4.01920e+00	1.285041116335453e-03
4.03520e+00	-4.119530702518862e-04
4.05120e+00	2.189233544331830e-03
4.06720e+00	-6.054638380035804e-03
4.08320e+00	1.649563548915653e-03
4.09920e+00	1.825127370210807e-03
4.11520e+00	-5.844350651787199e-03
4.13120e+00	-1.130715964596108e-03
4.14720e+00	6.942421016927542e-03
4.16320e+00	-4.009118549359004e-03
4.17920e+00	-6.416373702750216e-03
4.19520e+00	1.633955083808801e-03
4.21120e+00	2.694531482241333e-03
4.22720e+00	8.115860492375616e-04
4.24320e+00	4.509458025776318e-03
4.25920e+00	-5.762599291342136e-03
4.27520e+00	5.937819493567273e-03
4.29120e+00	6.958614318736949e-03
4.30720e+00	-1.159789143331744e-02
4.32320e+00	8.148368000179946e-03
4.33920e+00	-1.123445439570682e-03
4.35520e+00	-2.055582421007022e-03
4.37120e+00	1.071305366464141e-03
4.38720e+00	-2.685333972415350e-03
4.40320e+00	8.630128968913053e-03
4.41920e+00	-9.486297343671072e-03
4.43520e+00	3.003271044385311e-04
4.45120e+00	2.628236252769216e-03
4.46720e+00	4.003967374386114e-04
4.48320e+00	-1.016489327035030e-02
4.49920e+00	-2.802831441278712e-03
4.51520e+00	-6.309926142970064e-03
4.53120e+00	-3.405062979871308e-03
4.54720e+00	-5.995046691625495e-03
4.56320e+00	-3.449569151548237e-03
4.57920e+00	-7.557964294010639e-05
4.59520e+00	-2.531902272299284e-03
4.61120e+00	-1.344709576170130e-02
4.62720e+00	1.740246710758783e-03
4.64320e+00	-5.573041234841868e-03
4.65920e+00	5.583521106949937e-04
4.67520e+00	-3.994846742678194e-03
4.69120e+00	-3.300438244461498e-04
4.70720e+00	3.926584183236994e-03
4.72320e+00	-1.618890955391937e-03
4.73920e+00	-5.937994447046542e-03
4.75520e+00	6.706565512203263e-03
4.77120e+00	7.364028049533214e-03
4.78720e+00	-1.087614159726420e-02
4.80320e+00	1.969341494730705e-04
4.81920e+00	-5.979791871215162e-03
4.83520e+00	7.284354665234530e-03
4.85120e+00	5.047682089197850e-03
4.86720e+00	5.433268202414148e-04
4.88320e+00	-2.442100270133138e-05
4.89920e+00	-6.906704117981285e-03
4.91520e+00	5.320917627131115e-03
4.93120e+00	-1.003190953081739e-02
4.94720e+00	4.800818882675821e-03
4.96320e+00	7.007641119614588e-03
4.97920e+00	4.442979244486471e-03
4.99520e+00	1.354894485364607e-03
5.01120e+00	4.195235282714498e-03
5.02720e+00	-1.211190417352110e-02
5.04320e+00	-1.838979861921054e-03
5.05920e+00	-1.138965035421277e-02
5.07520e+00	7.195583622399789e-03
5.09120e+00	-2.672956324000726e-03
5.10720e+00	4.293957841823037e-03
5.12320e+00	-9.726741565392357e-03
5.13920e+00	-3.712110931802109e-03
5.15520e+00	1.483995525949675e-03
5.17120e+00	5.458639858788735e-03
5.18720e+00	9.352672708352413e-03
5.20320e+00	-2.777589797486575e-03
5.21920e+00	1.227470766297843e-02
5.23520e+00	5.366447221393961e-03
5.25120e+00	2.258171634815767e-03
5.26720e+00	3.763840451485850e-03
5.28320e+00	-5.831191902547887e-03
5.29920e+00	-8.956601218538003e-04
5.31520e+00	4.627640970931183e-03
5.33120e+00	-4.970673697981662e-03
5.34720e+00	-1.939247921361999e-03
5.36320e+00	1.509028933836135e-03
5.37920e+00	-1.065146203618932e-02
5.39520e+00	4.302707406002718e-03
5.41120e+00	2.860603336053350e-03
5.42720e+00	2.777462973826739e-03
5.44320e+00	7.687750083120854e-03
5.45920e+00	-1.371135976595503e-03
5.47520e+00	3.800445442266515e-03
5.49120e+00	-2.579984090157695e-06
5.50720e+00	1.801694480782544e-03
5.52320e+00	1.461985929946258e-03
5.53920e+00	3.637662290405910e-04
5.55520e+00	3.977967347874417e-03
5.57120e+00	-8.200247844679372e-04
5.58720e+00	8.922104977317840e-03
