% signal t-range (microseconds):	0.00080000000	2.3048000
% breakpoint	1	3.7031250
% svcs	1	0	0	0
% svcs	2	0	43	43
0.00080000000	0.038891563	0.045619169
0.0088000000	0.040635332	0.045573933
0.016800000	0.039031704	0.045487797
0.024800000	0.041987583	0.045363814
0.032800000	0.039158891	0.045203213
0.040800000	0.033710723	0.045006641
0.048800000	0.038378521	0.044774541
0.056800000	0.040372628	0.044507421
0.064800000	0.038345756	0.044205975
0.072800000	0.036983155	0.043871067
0.080800000	0.037568478	0.043503552
0.088800000	0.041034035	0.043104222
0.096800000	0.037979297	0.042673970
0.10480000	0.042704931	0.042213763
0.11280000	0.037851877	0.041724680
0.12080000	0.034817436	0.041207856
0.12880000	0.040458648	0.040664398
0.13680000	0.043090784	0.040095479
0.14480000	0.037995901	0.039502309
0.15280000	0.033111900	0.038886177
0.16080000	0.042650604	0.038248418
0.16880000	0.040278589	0.037590338
0.17680000	0.037217068	0.036913290
0.18480000	0.035794055	0.036218647
0.19280000	0.036104481	0.035507796
0.20080000	0.031254992	0.034782182
0.20880000	0.033868452	0.034043199
0.21680000	0.033840057	0.033292252
0.22480000	0.032010981	0.032530763
0.23280000	0.028516373	0.031760134
0.24080000	0.030141384	0.030981761
0.24880000	0.031478529	0.030197048
0.25680000	0.030274570	0.029407326
0.26480000	0.029482162	0.028613926
0.27280000	0.028488922	0.027818186
0.28080000	0.025703268	0.027021358
0.28880000	0.027119780	0.026224696
0.29680000	0.029650844	0.025429410
0.30480000	0.023356625	0.024636637
0.31280000	0.027002707	0.023847524
0.32080000	0.024581212	0.023063143
0.32880000	0.018946724	0.022284512
0.33680000	0.023755400	0.021512631
0.34480000	0.018457073	0.020748386
0.35280000	0.017230057	0.019992661
0.36080000	0.021521215	0.019246317
0.36880000	0.014991527	0.018510064
0.37680000	0.018082840	0.017784610
0.38480000	0.013377743	0.017070633
0.39280000	0.016302738	0.016368704
0.40080000	0.014154968	0.015679376
0.40880000	0.016714345	0.015003127
0.41680000	0.019808193	0.014340372
0.42480000	0.018170477	0.013691484
0.43280000	0.017566661	0.013056783
0.44080000	0.0089768016	0.012436542
0.44880000	0.012021940	0.011830972
0.45680000	0.014104881	0.011240249
0.46480000	0.0064990964	0.010664494
0.47280000	0.013909969	0.010103744
0.48080000	0.0070834677	0.0095580402
0.48880000	0.010127767	0.0090274353
0.49680000	0.017865291	0.0085118820
0.50480000	0.012371447	0.0080112244
0.51280000	0.0085456879	0.0075253284
0.52080000	0.0038215059	0.0070541217
0.52880000	0.012097116	0.0065974709
0.53680000	0.0039748297	0.0061551540
0.54480000	0.0065310119	0.0057268715
0.55280000	0.0055924587	0.0053123623
0.56080000	0.0043675932	0.0049114680
0.56880000	0.0061822279	0.0045239434
0.57680000	0.0048199822	0.0041494712
0.58480000	-0.00094019874	0.0037877163
0.59280000	0.0079518897	0.0034383243
0.60080000	-0.0039575300	0.0031010420
0.60880000	-0.00028003045	0.0027756279
0.61680000	0.0035480869	0.0024617772
0.62480000	0.0016131428	0.0021591530
0.63280000	0.0046061048	0.0018673735
0.64080000	0.0031536531	0.0015861273
0.64880000	0.0047914259	0.0013152039
0.65680000	-0.0012498146	0.0010543816
0.66480000	0.0026750137	0.00080338823
0.67280000	-0.00090543122	0.00056188129
0.68080000	0.0039800432	0.00032952260
0.68880000	-0.0050013744	0.00010609584
0.69680000	0.0032454842	-0.00010851837
0.70480000	-0.0017329944	-0.00031446112
0.71280000	-0.0027744396	-0.00051196826
0.72080000	0.0024733843	-0.00070132608
0.72880000	-0.000038728827	-0.00088277272
0.73680000	0.0049356462	-0.0010564131
0.74480000	-0.0021642715	-0.0012222866
0.75280000	-0.0050792803	-0.0013804673
0.76080000	-0.0054756325	-0.0015310910
0.76880000	-0.00064498333	-0.0016743575
0.77680000	-0.0044580884	-0.0018104205
0.78480000	-0.0035126025	-0.0019393313
0.79280000	-0.0026113149	-0.0020610706
0.80080000	-0.0011342689	-0.0021756202
0.80880000	-0.0031979619	-0.0022830532
0.81680000	-0.0062113983	-0.0023834624
0.82480000	-0.0028145111	-0.0024769118
0.83280000	-0.0045620534	-0.0025634736
0.84080000	-0.0017017707	-0.0026431533
0.84880000	-0.0082202962	-0.0027158908
0.85680000	-0.00019814091	-0.0027816601
0.86480000	-0.0026683231	-0.0028404861
0.87280000	-0.0065157833	-0.0028924278
0.88080000	-0.013006961	-0.0029375562
0.88880000	-0.0062566783	-0.0029759196
0.89680000	0.0029153182	-0.0030075214
0.90480000	-0.0020054230	-0.0030323391
0.91280000	-0.00086421628	-0.0030503670
0.92080000	-0.0038374137	-0.0030616216
0.92880000	-0.0045760006	-0.0030661737
0.93680000	-0.000082182044	-0.0030641401
0.94480000	-0.0027812996	-0.0030556399
0.95280000	0.000091453219	-0.0030407571
0.96080000	-0.0011613036	-0.0030195159
0.96880000	-0.0045152440	-0.0029919562
0.97680000	-0.0023922415	-0.0029581683
0.98480000	-0.00089441881	-0.0029182666
0.99280000	-0.00018313226	-0.0028724085
1.0008000	0.0010539952	-0.0028207902
1.0088000	-0.0023229792	-0.0027636251
1.0168000	-0.0020781466	-0.0027010873
1.0248000	-0.0048022389	-0.0026332712
1.0328000	-0.0032645442	-0.0025602900
1.0408000	0.00068965116	-0.0024823197
1.0488000	-0.0036394907	-0.0023996050
1.0568000	-0.00012956376	-0.0023124375
1.0648000	0.00012529315	-0.0022210732
1.0728000	-0.0023078154	-0.0021257622
1.0808000	-0.0052846700	-0.0020267506
1.0888000	-0.0041807101	-0.0019242516
1.0968000	-0.00040094451	-0.0018184995
1.1048000	-0.00097752519	-0.0017097217
1.1128000	-0.0049589808	-0.0015981648
1.1208000	0.00062657897	-0.0014841544
1.1288000	-0.0034082682	-0.0013680452
1.1368000	-0.0035618249	-0.0012501701
1.1448000	-0.0019538721	-0.0011308238
1.1528000	-0.00037117502	-0.0010102253
1.1608000	-0.0019756831	-0.00088859207
1.1688000	0.0050023840	-0.00076621391
1.1768000	0.000025725561	-0.00064340044
1.1848000	-0.0045631590	-0.00052045440
1.1928000	0.0018355778	-0.00039763988
1.2008000	0.00019230735	-0.00027524767
1.2088000	0.0011901227	-0.00015357882
1.2168000	-0.0012289850	-0.000032960503
1.2248000	0.0041767685	0.000086352448
1.2328000	0.0023103854	0.00020419767
1.2408000	-0.00014420679	0.00032039730
1.2488000	0.0030091427	0.00043472124
1.2568000	-0.0021785917	0.00054691102
1.2648000	0.0012050982	0.00065669748
1.2728000	0.0044640457	0.00076384199
1.2808000	-0.00018601794	0.00086816694
1.2888000	0.000065545017	0.00096951395
1.2968000	-0.00069130880	0.0010676944
1.3048000	-0.0013568404	0.0011625155
1.3128000	-0.00079615029	0.0012538484
1.3208000	-0.0029690109	0.0013416297
1.3288000	-0.0010425311	0.0014257859
1.3368000	0.0044801648	0.0015062071
1.3448000	-0.00051633944	0.0015827095
1.3528000	0.0022427995	0.0016551454
1.3608000	0.00010548174	0.0017233801
1.3688000	0.0022337988	0.0017873912
1.3768000	0.0025288127	0.0018471874
1.3848000	0.0060707725	0.0019027599
1.3928000	0.0037058371	0.0019540958
1.4008000	0.0054795250	0.0020011494
1.4088000	-0.0015960459	0.0020439091
1.4168000	-0.0031112640	0.0020823931
1.4248000	-0.0011590219	0.0021166296
1.4328000	0.00070708386	0.0021466071
1.4408000	-0.00021806021	0.0021722941
1.4488000	0.0019654460	0.0021936675
1.4568000	0.0021760925	0.0022107922
1.4648000	-0.0035016111	0.0022238031
1.4728000	0.0061647478	0.0022328532
1.4808000	0.0012588436	0.0022380180
1.4888000	0.0052552372	0.0022393507
1.4968000	0.0056628422	0.0022368864
1.5048000	0.0011895171	0.0022306832
1.5128000	0.0036112028	0.0022208192
1.5208000	0.0050110387	0.0022073733
1.5288000	0.0042965887	0.0021904764
1.5368000	0.0031301053	0.0021702463
1.5448000	0.0010538063	0.0021467716
1.5528000	-0.00044380706	0.0021201688
1.5608000	-0.0015484962	0.0020905581
1.5688000	-0.0010675064	0.0020581244
1.5768000	0.0014261874	0.0020230435
1.5848000	0.0010140171	0.0019854014
1.5928000	0.0042653952	0.0019452801
1.6008000	-0.0016432255	0.0019027351
1.6088000	0.0016098326	0.0018578552
1.6168000	0.0062559873	0.0018107913
1.6248000	0.0011619945	0.0017617265
1.6328000	-0.0010199562	0.0017108112
1.6408000	0.0013955865	0.0016581726
1.6488000	0.0044515428	0.0016039242
1.6568000	0.0053428808	0.0015482030
1.6648000	0.0028455622	0.0014911616
1.6728000	0.0019065463	0.0014329267
1.6808000	0.0020817945	0.0013736054
1.6888000	0.0023327880	0.0013133396
1.6968000	0.0026394736	0.0012522423
1.7048000	0.0016094658	0.0011904110
1.7128000	0.0026120275	0.0011279016
1.7208000	0.0022030746	0.0010648042
1.7288000	-0.0013158306	0.0010012907
1.7368000	0.0033449750	0.00093758434
1.7448000	-0.0070606046	0.00087383040
1.7528000	0.00045901214	0.00081014480
1.7608000	0.0027211278	0.00074659977
1.7688000	0.0015406277	0.00068326394
1.7768000	-0.00026598861	0.00062024400
1.7848000	0.0028422206	0.00055766510
1.7928000	-0.0022159572	0.00049564533
1.8008000	0.0016620415	0.00043428069
1.8088000	0.0011616743	0.00037362131
1.8168000	0.0035601544	0.00031376619
1.8248000	0.0038719031	0.00025482259
1.8328000	-0.000047369309	0.00019691198
1.8408000	0.0026038591	0.00014015101
1.8488000	0.00067608509	0.000084652996
1.8568000	-0.00032066085	0.000030523632
1.8648000	0.0026111356	-0.000022133197
1.8728000	0.0040334683	-0.000073239210
1.8808000	0.0048442410	-0.00012275815
1.8888000	-0.0063137978	-0.00017070510
1.8968000	-0.0046399151	-0.00021706574
1.9048000	-0.0028546672	-0.00026172513
1.9128000	0.0010174941	-0.00030455194
1.9208000	-0.0017177319	-0.00034547410
1.9288000	-0.0016774118	-0.00038443681
1.9368000	-0.0037842994	-0.00042139794
1.9448000	-0.0024287323	-0.00045632923
1.9528000	-0.0054735409	-0.00048914767
1.9608000	-0.00072983343	-0.00051979469
1.9688000	-0.00015762065	-0.00054822460
1.9768000	0.0040772214	-0.00057440772
1.9848000	0.0012588606	-0.00059836460
1.9928000	-0.0041872804	-0.00062012083
2.0008000	-0.0034991512	-0.00063965150
2.0088000	-0.00067618056	-0.00065694024
2.0168000	-0.0043504080	-0.00067202036
2.0248000	0.0023866429	-0.00068489786
2.0328000	0.0062057230	-0.00069552684
2.0408000	-0.0013070632	-0.00070383953
2.0488000	-0.0039496323	-0.00070982182
2.0568000	-0.0020331886	-0.00071347628
2.0648000	-0.00012153755	-0.00071483838
2.0728000	0.0013495522	-0.00071401426
2.0808000	-0.0036802929	-0.00071107951
2.0888000	0.00044554427	-0.00070603112
2.0968000	-0.0017957620	-0.00069885763
2.1048000	-0.0037594211	-0.00068958205
2.1128000	0.0000093306391	-0.00067825654
2.1208000	-0.0020959411	-0.00066498482
2.1288000	0.0023585288	-0.00064984375
2.1368000	-0.00041378911	-0.00063287579
2.1448000	-0.0015955690	-0.00061413287
2.1528000	-0.0036862704	-0.00059361848
2.1608000	-0.0037648954	-0.00057133747
2.1688000	0.00086095832	-0.00054735831
2.1768000	0.0059566062	-0.00052178549
2.1848000	0.0018423094	-0.00049469609
2.1928000	-0.0017610263	-0.00046611734
2.2008000	-0.0030226333	-0.00043613685
2.2088000	0.0067722156	-0.00040488560
2.2168000	-0.0029901014	-0.00037247042
2.2248000	-0.0036916322	-0.00033900736
2.2328000	-0.0036973810	-0.00030455086
2.2408000	-0.00078520203	-0.00026911393
2.2488000	0.0030949736	-0.00023275822
2.2568000	-0.0015286052	-0.00019551616
2.2648000	-0.0048549157	-0.00015747131
2.2728000	0.0043512437	-0.00011876978
2.2808000	-0.0021995030	-0.000079485804
2.2888000	0.0018199743	-0.000039688930
2.2968000	0.0039333239	5.9888497e-7
2.3048000	-0.0034352851	0.000041350519
