% signal t-range (microseconds):	0.096000000	2.2880000
% breakpoint	1	3.7126126
% breakpoint	2	5.8120438
% svcs	1	0	0	0
% svcs	2	0	28	28
% svcs	3	0	6	6
0.096000000	0.024427682	0.020671442
0.10400000	0.022664513	0.020649039
0.11200000	0.030227397	0.020606500
0.12000000	0.019522854	0.020545277
0.12800000	0.021927900	0.020465941
0.13600000	0.029000744	0.020368793
0.14400000	0.024837973	0.020254071
0.15200000	0.027937025	0.020122101
0.16000000	0.022483973	0.019973290
0.16800000	0.024111173	0.019808107
0.17600000	0.023215163	0.019626992
0.18400000	0.015823586	0.019430405
0.19200000	0.017134124	0.019218857
0.20000000	0.022669355	0.018992913
0.20800000	0.023354646	0.018753175
0.21600000	0.021408148	0.018500240
0.22400000	0.015036514	0.018234739
0.23200000	0.016757653	0.017957336
0.24000000	0.023405258	0.017668710
0.24800000	0.018953352	0.017369578
0.25600000	0.020629636	0.017060653
0.26400000	0.013130955	0.016742660
0.27200000	0.017498731	0.016416343
0.28000000	0.0097462160	0.016082443
0.28800000	0.0084151561	0.015741724
0.29600000	0.014004952	0.015394935
0.30400000	0.015644888	0.015042825
0.31200000	0.011156749	0.014686140
0.32000000	0.015365400	0.014325618
0.32800000	0.0041955965	0.013961991
0.33600000	0.0064076486	0.013595983
0.34400000	0.011161609	0.013228296
0.35200000	0.010850515	0.012859598
0.36000000	0.0085092234	0.012490578
0.36800000	0.0061078707	0.012121871
0.37600000	0.0096713289	0.011754090
0.38400000	0.0090807800	0.011387855
0.39200000	0.0050271441	0.011023709
0.40000000	0.013931768	0.010662206
0.40800000	0.013468636	0.010303861
0.41600000	0.0059753366	0.0099491416
0.42400000	0.00020723551	0.0095985158
0.43200000	0.011148080	0.0092523893
0.44000000	0.012481868	0.0089111345
0.44800000	0.0019482463	0.0085751235
0.45600000	0.013002311	0.0082446737
0.46400000	0.0030222986	0.0079200526
0.47200000	0.015747240	0.0076015240
0.48000000	0.0088613012	0.0072893239
0.48800000	0.0065207921	0.0069836175
0.49600000	-0.00063121761	0.0066845561
0.50400000	0.0065824180	0.0063923004
0.51200000	-0.0065548043	0.0061069419
0.52000000	-0.00062056650	0.0058285229
0.52800000	0.0062376327	0.0055570871
0.53600000	0.0076872896	0.0052926758
0.54400000	-0.00042468657	0.0050352917
0.55200000	-0.0042142062	0.0047848921
0.56000000	0.0067486879	0.0045414061
0.56800000	0.0015852326	0.0043047676
0.57600000	0.0078517792	0.0040749161
0.58400000	0.0028020042	0.0038517586
0.59200000	0.00080521198	0.0036351715
0.60000000	0.0047560534	0.0034249833
0.60800000	0.0094380183	0.0032210556
0.61600000	0.0017521702	0.0030232982
0.62400000	0.010054340	0.0028315658
0.63200000	0.0036440007	0.0026456689
0.64000000	-0.0034086118	0.0024653995
0.64800000	0.0083931054	0.0022905986
0.65600000	-0.0064344158	0.0021211675
0.66400000	0.0016270639	0.0019569587
0.67200000	-0.0039459070	0.0017977748
0.68000000	0.00090435173	0.0016434062
0.68800000	-0.0056069462	0.0014937009
0.69600000	0.0029161644	0.0013485754
0.70400000	0.0042486634	0.0012079178
0.71200000	-0.0062785228	0.0010715718
0.72000000	0.0019700978	0.00093937220
0.72800000	-0.00044630580	0.00081117938
0.73600000	-0.0035902910	0.00068692255
0.74400000	0.0081893792	0.00056655214
0.75200000	-0.0043524759	0.00044999425
0.76000000	-0.0018426330	0.00033715244
0.76800000	0.00095587511	0.00022792440
0.77600000	0.0064759074	0.00012224062
0.78400000	0.0026004310	0.000020096920
0.79200000	0.0043504543	-0.000078502275
0.80000000	-0.0043998081	-0.00017357480
0.80800000	0.00045494036	-0.00026514051
0.81600000	-0.0014526646	-0.00035324195
0.82400000	0.0045444154	-0.00043789990
0.83200000	-0.0048861255	-0.00051908951
0.84000000	0.0085344796	-0.00059675004
0.84800000	0.0013780720	-0.00067082664
0.85600000	-0.0013785406	-0.00074131185
0.86400000	-0.0059370924	-0.00080819985
0.87200000	-0.000038336013	-0.00087148116
0.88000000	-0.0039859938	-0.00093113445
0.88800000	-0.0012084898	-0.00098709233
0.89600000	-0.0051197622	-0.0010392760
0.90400000	-0.0051529505	-0.0010876301
0.91200000	0.0022068649	-0.0011321420
0.92000000	0.0011881229	-0.0011728215
0.92800000	-0.0037323425	-0.0012096692
0.93600000	0.00087320218	-0.0012426538
0.94400000	0.0020186055	-0.0012717173
0.95200000	-0.0051924383	-0.0012968250
0.96000000	-0.00046370609	-0.0013179727
0.96800000	-0.0022321048	-0.0013351723
0.97600000	-0.0013808625	-0.0013484667
0.98400000	-0.0089705054	-0.0013579120
0.99200000	-0.000090149121	-0.0013635467
1.0000000	-0.0071520765	-0.0013653763
1.0080000	0.00059424560	-0.0013634129
1.0160000	-0.0079142897	-0.0013577172
1.0240000	0.0038078842	-0.0013483884
1.0320000	0.0038255222	-0.0013355294
1.0400000	-0.0049350816	-0.0013192388
1.0480000	0.0062820385	-0.0012996384
1.0560000	-0.011218783	-0.0012768479
1.0640000	0.00024843884	-0.0012509817
1.0720000	-0.0072162477	-0.0012221541
1.0800000	-0.0031006284	-0.0011904812
1.0880000	-0.00085133112	-0.0011561282
1.0960000	0.0027520113	-0.0011192965
1.1040000	0.000055957535	-0.0010801884
1.1120000	-0.0089086570	-0.0010389898
1.1200000	0.0052591858	-0.00099586269
1.1280000	0.0072058118	-0.00095098291
1.1360000	-0.0049454945	-0.00090455444
1.1440000	-0.0068612263	-0.00085677187
1.1520000	-0.0078310880	-0.00080782273
1.1600000	-0.0046113023	-0.00075791976
1.1680000	0.0031427055	-0.00070729735
1.1760000	-0.010291445	-0.00065620594
1.1840000	-0.00010232340	-0.00060488147
1.1920000	0.0078644644	-0.00055350435
1.2000000	0.00072930727	-0.00050222983
1.2080000	-0.0028237046	-0.00045124209
1.2160000	0.0012351951	-0.00040076964
1.2240000	0.0046562139	-0.00035103728
1.2320000	0.0029462376	-0.00030223736
1.2400000	-0.0045311621	-0.00025455800
1.2480000	0.00065107396	-0.00020819821
1.2560000	-0.0039270226	-0.00016334183
1.2640000	0.0010919184	-0.00012015565
1.2720000	-0.00034493322	-0.000078766767
1.2800000	-0.0070738608	-0.000039282574
1.2880000	-0.0041377406	-0.0000018288815
1.2960000	-0.0042956875	0.000033445453
1.3040000	-0.0030601568	0.000066383495
1.3120000	0.00044724873	0.000096845529
1.3200000	-0.0035752678	0.00012473488
1.3280000	0.0049260090	0.00014999930
1.3360000	0.0060101455	0.00017259041
1.3440000	-0.0017082470	0.00019244488
1.3520000	0.0026055617	0.00020949826
1.3600000	0.0091753092	0.00022371790
1.3680000	0.00074069647	0.00023510733
1.3760000	0.0032418470	0.00024364412
1.3840000	-0.0015179593	0.00024930196
1.3920000	-0.0036803203	0.00025205102
1.4000000	-0.011606218	0.00025189466
1.4080000	0.0099314722	0.00024886901
1.4160000	0.00098437057	0.00024304355
1.4240000	-0.00030880685	0.00023449966
1.4320000	0.00048032878	0.00022329727
1.4400000	0.0036306111	0.00020947607
1.4480000	0.0052101881	0.00019309332
1.4560000	-0.00014492960	0.00017421939
1.4640000	-0.0024486708	0.00015295835
1.4720000	-0.0013087260	0.00012940756
1.4800000	0.0020525990	0.00010364503
1.4880000	0.0057989724	0.000075757186
1.4960000	-0.0050140439	0.000045836823
1.5040000	0.00098077648	0.000014032957
1.5120000	0.0097737249	-0.000019490492
1.5200000	-0.0058016661	-0.000054615397
1.5280000	0.0017992726	-0.000091222908
1.5360000	0.00079538372	-0.00012920802
1.5440000	0.0039373404	-0.00016845523
1.5520000	0.0066865035	-0.00020885888
1.5600000	-0.00020895803	-0.00025030071
1.5680000	-0.00051292473	-0.00029264043
1.5760000	0.0032660598	-0.00033572583
1.5840000	-0.00013953829	-0.00037942907
1.5920000	-0.00065110217	-0.00042362999
1.6000000	0.0018567944	-0.00046820307
1.6080000	-0.00035128766	-0.00051301785
1.6160000	-0.0034825732	-0.00055792027
1.6240000	-0.0017300679	-0.00060278867
1.6320000	0.0037660426	-0.00064752558
1.6400000	-0.0013586233	-0.00069206178
1.6480000	0.0043650645	-0.00073632304
1.6560000	-0.010006654	-0.00078019439
1.6640000	-0.0037131824	-0.00082352934
1.6720000	0.0056571572	-0.00086620655
1.6800000	0.0058074178	-0.00090813043
1.6880000	0.0056942766	-0.00094920446
1.6960000	-0.0047679153	-0.00098932962
1.7040000	0.0038820423	-0.0010284239
1.7120000	0.0074163444	-0.0010664331
1.7200000	-0.0034550496	-0.0011032860
1.7280000	-0.0020184394	-0.0011389017
1.7360000	-0.0012199824	-0.0011732017
1.7440000	-0.0033850804	-0.0012061245
1.7520000	-0.0046975583	-0.0012376377
1.7600000	-0.0055609794	-0.0012676918
1.7680000	0.012549340	-0.0012962079
1.7760000	-0.0023345015	-0.0013230970
1.7840000	-0.0012582313	-0.0013482766
1.7920000	-0.0053252789	-0.0013716996
1.8000000	-0.012419454	-0.0013933554
1.8080000	-0.0024191177	-0.0014132311
1.8160000	0.0069628338	-0.0014313062
1.8240000	0.00050769075	-0.0014475422
1.8320000	-0.0036021120	-0.0014618948
1.8400000	0.0015124919	-0.0014743418
1.8480000	-0.0066703578	-0.0014848724
1.8560000	0.0069644351	-0.0014934560
1.8640000	-0.010119751	-0.0015000556
1.8720000	0.0016159238	-0.0015046401
1.8800000	0.00031937721	-0.0015072087
1.8880000	-0.0069316605	-0.0015077627
1.8960000	0.0016962060	-0.0015062830
1.9040000	0.0038471993	-0.0015027442
1.9120000	-0.0049865875	-0.0014971365
1.9200000	-0.0010025660	-0.0014894845
1.9280000	0.0016869868	-0.0014798341
1.9360000	-0.0063082723	-0.0014682080
1.9440000	-0.00080868351	-0.0014546089
1.9520000	-0.0044463175	-0.0014390229
1.9600000	-0.0046549222	-0.0014214324
1.9680000	0.0054992501	-0.0014018437
1.9760000	0.0029335423	-0.0013802819
1.9840000	-0.0012037816	-0.0013567939
1.9920000	0.0014082216	-0.0013314152
2.0000000	0.00017736968	-0.0013041553
2.0080000	0.0085435959	-0.0012750325
2.0160000	0.00046311199	-0.0012440784
2.0240000	-0.0053225825	-0.0012113499
2.0320000	-0.0011742597	-0.0011768993
2.0400000	0.0029436118	-0.0011407675
2.0480000	0.0050932036	-0.0011030051
2.0560000	-0.0020581814	-0.0010636676
2.0640000	-0.00036507233	-0.0010228136
2.0720000	0.0012604329	-0.00098048992
2.0800000	-0.0031327319	-0.00093673264
2.0880000	0.0021621898	-0.00089156208
2.0960000	0.0025982565	-0.00084502036
2.1040000	0.0046192659	-0.00079718684
2.1120000	0.0030639333	-0.00074815358
2.1200000	0.0024633166	-0.00069800590
2.1280000	0.0068675056	-0.00064681815
2.1360000	-0.00094878181	-0.00059467277
2.1440000	0.0053106840	-0.00054163044
2.1520000	0.0036318235	-0.00048775864
2.1600000	-0.00026351992	-0.00043314235
2.1680000	-0.0066610358	-0.00037785033
2.1760000	-0.0016141377	-0.00032196249
2.1840000	-0.0010835426	-0.00026556086
2.1920000	-0.0091757458	-0.00020871755
2.2000000	-0.0045901033	-0.00015148529
2.2080000	-0.0042999274	-0.000093944133
2.2160000	-0.00057269230	-0.000036196029
2.2240000	-0.010922442	0.000021689273
2.2320000	0.0026100902	0.000079638083
2.2400000	0.0093556441	0.00013755756
2.2480000	0.0046658313	0.00019534419
2.2560000	0.00066044177	0.00025289476
2.2640000	0.0010583079	0.00031011868
2.2720000	0.010998464	0.00036694317
2.2800000	-0.00042484405	0.00042330539
2.2880000	0.0098860697	0.00047917284
