# Filename: 051019_AerECAW_N15_4PDEER_3000ns_150K.DSC.txt
# Bckg_type: strexp_fixed_0.95_0.5
# FirstColumn: Time[us]
# SecondColumn: BckgSubtractedData
-3.20000e-03	7.303855341057010e-02
4.80000e-03	6.259801452759556e-02
1.28000e-02	7.728989831581920e-02
2.08000e-02	7.159340153584209e-02
2.88000e-02	7.868944212476324e-02
3.68000e-02	6.913436317855434e-02
4.48000e-02	7.640557828873128e-02
5.28000e-02	7.379845483639969e-02
6.08000e-02	6.572875265676317e-02
6.88000e-02	6.684833257723193e-02
7.68000e-02	5.880344527425915e-02
8.48000e-02	6.973861031885194e-02
9.28000e-02	5.471286765467975e-02
1.00800e-01	5.015220339003492e-02
1.08800e-01	5.276650311669692e-02
1.16800e-01	4.803122801919898e-02
1.24800e-01	5.297435750341049e-02
1.32800e-01	4.782319113365055e-02
1.40800e-01	5.174393787243321e-02
1.48800e-01	4.660329465476450e-02
1.56800e-01	4.742392006697287e-02
1.64800e-01	4.312067069942351e-02
1.72800e-01	4.821439175981374e-02
1.80800e-01	3.882764223644930e-02
1.88800e-01	2.924003436152868e-02
1.96800e-01	3.302663336471203e-02
2.04800e-01	3.770385976207955e-02
2.12800e-01	2.261515932654920e-02
2.20800e-01	3.461827748326111e-02
2.28800e-01	2.649351014163374e-02
2.36800e-01	2.986988394722355e-02
2.44800e-01	1.671746135641535e-02
2.52800e-01	1.560528919243540e-02
2.60800e-01	6.362177851406367e-03
2.68800e-01	7.189570635485580e-03
2.76800e-01	-1.020445774431947e-03
2.84800e-01	1.263472329298127e-02
2.92800e-01	1.295580060089005e-02
3.00800e-01	5.484267134407183e-03
3.08800e-01	1.341568005289205e-02
3.16800e-01	4.690992150037506e-03
3.24800e-01	-1.844871530753305e-03
3.32800e-01	-3.117512619870150e-03
3.40800e-01	-1.491829942093208e-02
3.48800e-01	-2.208206326486735e-02
3.56800e-01	-8.792925883975736e-03
3.64800e-01	-1.603018046435664e-02
3.72800e-01	-1.529593998530083e-02
3.80800e-01	-2.007860094239662e-02
3.88800e-01	-2.166821296598460e-02
3.96800e-01	-2.140505255254800e-02
4.04800e-01	-2.481468471739148e-02
4.12800e-01	-2.125117324879886e-02
4.20800e-01	-1.657203197050151e-02
4.28800e-01	-2.936308532945904e-02
4.36800e-01	-2.504023957513244e-02
4.44800e-01	-2.843452858604748e-02
4.52800e-01	-2.044257346073618e-02
4.60800e-01	-3.651151634325389e-02
4.68800e-01	-3.082554267341753e-02
4.76800e-01	-4.133845661676101e-02
4.84800e-01	-3.338198501461753e-02
4.92800e-01	-4.025707429673278e-02
5.00800e-01	-3.773534651275335e-02
5.08800e-01	-4.896590718417689e-02
5.16800e-01	-4.632058160885354e-02
5.24800e-01	-4.766111761119414e-02
5.32800e-01	-3.941729542136007e-02
5.40800e-01	-4.246491478282103e-02
5.48800e-01	-4.434304665203327e-02
5.56800e-01	-4.693570344051195e-02
5.64800e-01	-5.086098894112995e-02
5.72800e-01	-4.979389144069809e-02
5.80800e-01	-4.474248904928271e-02
5.88800e-01	-4.844814456258533e-02
5.96800e-01	-4.630590299680039e-02
6.04800e-01	-4.627456323805984e-02
6.12800e-01	-4.682916435072657e-02
6.20800e-01	-5.247351852651689e-02
6.28800e-01	-5.447426240909870e-02
6.36800e-01	-4.774812080374011e-02
6.44800e-01	-4.543321531771646e-02
6.52800e-01	-5.680073188564978e-02
6.60800e-01	-5.222099845991077e-02
6.68800e-01	-5.713184674351476e-02
6.76800e-01	-5.872429629826620e-02
6.84800e-01	-5.555769972439959e-02
6.92800e-01	-5.603405388286806e-02
7.00800e-01	-5.445911069206718e-02
7.08800e-01	-5.879069574678231e-02
7.16800e-01	-4.949068937312533e-02
7.24800e-01	-4.682981722091877e-02
7.32800e-01	-5.795018377053957e-02
7.40800e-01	-4.330900110285780e-02
7.48800e-01	-7.219051812761648e-02
7.56800e-01	-5.467477328584642e-02
7.64800e-01	-4.543006174707344e-02
7.72800e-01	-5.497412865308818e-02
7.80800e-01	-5.133924235153103e-02
7.88800e-01	-5.165010417459278e-02
7.96800e-01	-4.962578724918225e-02
8.04800e-01	-5.669081567674754e-02
8.12800e-01	-5.466249358111662e-02
8.20800e-01	-4.610228965753855e-02
8.28800e-01	-6.332700955091919e-02
8.36800e-01	-4.606931866201189e-02
8.44800e-01	-5.164545111783342e-02
8.52800e-01	-4.748835157312247e-02
8.60800e-01	-5.187714961365130e-02
8.68800e-01	-5.199362073905731e-02
8.76800e-01	-3.895161013900575e-02
8.84800e-01	-6.209649704818900e-02
8.92800e-01	-5.331903169124812e-02
9.00800e-01	-5.363182668564247e-02
9.08800e-01	-4.384444023669153e-02
9.16800e-01	-4.262550540772191e-02
9.24800e-01	-4.107027119561586e-02
9.32800e-01	-4.789768490841455e-02
9.40800e-01	-5.051368631973389e-02
9.48800e-01	-5.252325162531258e-02
9.56800e-01	-5.153874541979606e-02
9.64800e-01	-5.780820248006263e-02
9.72800e-01	-5.345952195794040e-02
9.80800e-01	-4.273351086915257e-02
9.88800e-01	-4.088620287207589e-02
9.96800e-01	-3.328349512088833e-02
1.00480e+00	-3.618756992673697e-02
1.01280e+00	-4.515435702704916e-02
1.02080e+00	-4.895684592302974e-02
1.02880e+00	-3.678997251347677e-02
1.03680e+00	-3.018476542121445e-02
1.04480e+00	-3.424282346973866e-02
1.05280e+00	-3.346166079666660e-02
1.06080e+00	-3.384434594396560e-02
1.06880e+00	-3.923338139837338e-02
1.07680e+00	-3.714932696718680e-02
1.08480e+00	-3.243014084031935e-02
1.09280e+00	-3.459045463961846e-02
1.10080e+00	-3.307332712748980e-02
1.10880e+00	-2.456734879384416e-02
1.11680e+00	-2.935101482196121e-02
1.12480e+00	-3.105252061063601e-02
1.13280e+00	-3.199315605772155e-02
1.14080e+00	-2.988616639444458e-02
1.14880e+00	-2.320715054735478e-02
1.15680e+00	-3.639946541487582e-02
1.16480e+00	-2.382188455695419e-02
1.17280e+00	-2.420608529870638e-02
1.18080e+00	-1.906988048564235e-02
1.18880e+00	-2.461736558699337e-02
1.19680e+00	-2.329387879173399e-02
1.20480e+00	-2.264503198180763e-02
1.21280e+00	-3.039525405530691e-02
1.22080e+00	-1.233044220166079e-02
1.22880e+00	-2.384975249560742e-02
1.23680e+00	-1.577759142225485e-02
1.24480e+00	-1.744434895346453e-02
1.25280e+00	-1.243409171921416e-02
1.26080e+00	-2.047419417758296e-02
1.26880e+00	-1.819231212955390e-02
1.27680e+00	-2.678038672978354e-02
1.28480e+00	-1.093008684746602e-02
1.29280e+00	-1.587344957641296e-02
1.30080e+00	-1.774608618548786e-02
1.30880e+00	-9.723148866943367e-03
1.31680e+00	-1.160347280375336e-02
1.32480e+00	-1.923143366948181e-02
1.33280e+00	-1.937394934398039e-02
1.34080e+00	-7.608108256900403e-03
1.34880e+00	-1.525749775728965e-02
1.35680e+00	-6.876595976200588e-03
1.36480e+00	-1.587840198294566e-02
1.37280e+00	-8.304157548283907e-03
1.38080e+00	-3.834589454794218e-03
1.38880e+00	-5.868149259460702e-03
1.39680e+00	-1.607911255181131e-02
1.40480e+00	-1.845099755717197e-02
1.41280e+00	-1.017136252657538e-02
1.42080e+00	1.762700148718215e-03
1.42880e+00	-9.947581091378391e-03
1.43680e+00	-2.031108067895118e-03
1.44480e+00	-1.914376535386582e-02
1.45280e+00	-5.203046779627232e-03
1.46080e+00	-7.598132755572040e-03
1.46880e+00	-7.165465184037378e-03
1.47680e+00	-2.443940974651672e-03
1.48480e+00	2.855028631111649e-03
1.49280e+00	-1.149961662923193e-02
1.50080e+00	-1.015825409307684e-02
1.50880e+00	-9.311120788766733e-03
1.51680e+00	-2.692380885551625e-04
1.52480e+00	1.922287374677981e-03
1.53280e+00	-5.828513293994419e-03
1.54080e+00	-1.889243502365308e-03
1.54880e+00	-2.206947362517496e-03
1.55680e+00	9.617263782899986e-04
1.56480e+00	2.823285460898559e-03
1.57280e+00	-1.133591500996457e-02
1.58080e+00	-1.264853381557631e-03
1.58880e+00	-4.066608338413862e-03
1.59680e+00	-6.432987889975892e-03
1.60480e+00	3.710100730314037e-04
1.61280e+00	-2.105514568163450e-03
1.62080e+00	-7.565999940577717e-04
1.62880e+00	-9.506768630006187e-03
1.63680e+00	-1.296501184723614e-02
1.64480e+00	-6.795389736735425e-03
1.65280e+00	-3.306537146534622e-03
1.66080e+00	5.617143221283426e-04
1.66880e+00	-5.447266677313838e-03
1.67680e+00	1.812466808559477e-03
1.68480e+00	-1.879755270470071e-03
1.69280e+00	-1.900623486195080e-03
1.70080e+00	-2.265701007574470e-04
1.70880e+00	-9.427138587548866e-05
1.71680e+00	-2.752842760060565e-03
1.72480e+00	-3.096690628564227e-03
1.73280e+00	-1.044958817290348e-03
1.74080e+00	-2.008236887042111e-03
1.74880e+00	-2.786542304531051e-03
1.75680e+00	4.848107143935316e-03
1.76480e+00	-5.209147960923652e-03
1.77280e+00	-4.662464009277145e-03
1.78080e+00	-1.686861046056878e-03
1.78880e+00	4.457110162045744e-03
1.79680e+00	3.893266183120990e-05
1.80480e+00	5.430528330195933e-04
1.81280e+00	-9.565731365191706e-03
1.82080e+00	1.132688929040357e-03
1.82880e+00	3.920126016533108e-03
1.83680e+00	-2.221202480874509e-03
1.84480e+00	2.574498926451596e-03
1.85280e+00	-7.989037952788897e-04
1.86080e+00	-1.247706039049788e-02
1.86880e+00	9.943980169960646e-03
1.87680e+00	4.962863825589334e-03
1.88480e+00	-1.331041793577731e-02
1.89280e+00	-3.715050166806095e-03
1.90080e+00	1.932589012544306e-03
1.90880e+00	2.752163583490597e-03
1.91680e+00	5.672345069013070e-03
1.92480e+00	1.223420054025941e-02
1.93280e+00	7.713400715294052e-03
1.94080e+00	-4.757334402898494e-03
1.94880e+00	5.410260389372153e-06
1.95680e+00	5.315771476837765e-03
1.96480e+00	4.883459092028668e-03
1.97280e+00	2.132906619016117e-03
1.98080e+00	6.599709907584509e-03
1.98880e+00	-3.603369781636285e-03
1.99680e+00	-5.436776016308237e-03
2.00480e+00	-1.192224078317248e-03
2.01280e+00	1.288161789477239e-02
2.02080e+00	-1.991837419799339e-03
2.02880e+00	1.056144153743406e-02
2.03680e+00	-1.945810331502083e-03
2.04480e+00	1.909414797433570e-02
2.05280e+00	9.960226833915717e-03
2.06080e+00	-2.813104731040912e-04
2.06880e+00	4.551660948483525e-03
2.07680e+00	-3.962099791740181e-03
2.08480e+00	4.864574341313832e-03
2.09280e+00	1.427917340777611e-02
2.10080e+00	5.301590847476171e-03
2.10880e+00	1.619420347319247e-03
2.11680e+00	7.576467611374271e-03
2.12480e+00	1.331444706347745e-02
2.13280e+00	4.280496840400979e-03
2.14080e+00	-4.115960473609719e-03
2.14880e+00	6.669528824152411e-03
2.15680e+00	7.836928630108505e-03
2.16480e+00	1.019235466668274e-02
2.17280e+00	7.920418787435704e-03
2.18080e+00	1.373322172916419e-02
2.18880e+00	5.950760336844101e-03
2.19680e+00	1.417988833005488e-02
2.20480e+00	1.765581491160731e-02
2.21280e+00	1.383204135906372e-02
2.22080e+00	1.571880821832052e-02
2.22880e+00	1.199286277698556e-02
2.23680e+00	1.729259960928501e-02
2.24480e+00	4.152714056357821e-03
2.25280e+00	1.646939342396713e-02
2.26080e+00	1.296889794768870e-02
2.26880e+00	1.889184898046119e-02
2.27680e+00	1.134447578593372e-02
2.28480e+00	6.314036171960065e-03
2.29280e+00	1.296702357199428e-02
2.30080e+00	1.652609544047260e-02
2.30880e+00	2.328939524360222e-02
2.31680e+00	9.894878528581933e-03
2.32480e+00	1.440487116945792e-02
2.33280e+00	1.976511404163911e-02
2.34080e+00	1.646688309743566e-02
2.34880e+00	1.869235557973686e-03
2.35680e+00	9.616674972212262e-03
2.36480e+00	1.986989165429294e-02
2.37280e+00	2.016067223032995e-02
2.38080e+00	1.536437836423224e-02
2.38880e+00	3.248928760847208e-02
2.39680e+00	1.738708971640876e-02
2.40480e+00	2.246920726235110e-02
2.41280e+00	1.022964584251883e-02
2.42080e+00	2.337557707107088e-02
2.42880e+00	2.010137699466625e-02
2.43680e+00	2.080549674924325e-02
2.44480e+00	2.206058166297466e-02
2.45280e+00	2.078588479420230e-02
2.46080e+00	1.791219639837074e-02
2.46880e+00	3.258846844258893e-02
2.47680e+00	2.343669421518629e-02
2.48480e+00	3.118667010949120e-02
2.49280e+00	2.266056071979725e-02
2.50080e+00	2.314605118503821e-02
2.50880e+00	1.956445319416140e-02
2.51680e+00	3.660254175108162e-02
2.52480e+00	2.003914497283293e-02
2.53280e+00	3.695348622777929e-02
2.54080e+00	1.883343044336747e-02
2.54880e+00	3.509488365471586e-02
2.55680e+00	2.083169231162191e-02
2.56480e+00	3.046305808259810e-02
2.57280e+00	2.997787374245879e-02
2.58080e+00	3.223687959560479e-02
2.58880e+00	2.275219462869619e-02
2.59680e+00	3.393682281089712e-02
2.60480e+00	3.837322518371141e-02
2.61280e+00	3.080164700956062e-02
2.62080e+00	2.986671492097330e-02
2.62880e+00	3.569099634146226e-02
2.63680e+00	3.424651722164674e-02
2.64480e+00	3.786611779881629e-02
2.65280e+00	3.906909278439275e-02
2.66080e+00	3.881863268565147e-02
2.66880e+00	3.766910248730882e-02
2.67680e+00	4.234516228073404e-02
2.68480e+00	3.748742648902161e-02
2.69280e+00	3.426556523207938e-02
2.70080e+00	4.883921069912732e-02
2.70880e+00	4.686317046295739e-02
2.71680e+00	3.960983898822341e-02
2.72480e+00	4.707418791732172e-02
2.73280e+00	3.999759273039812e-02
2.74080e+00	3.610231458007812e-02
2.74880e+00	4.251936510387696e-02
2.75680e+00	3.524460019784861e-02
2.76480e+00	4.412443083213535e-02
2.77280e+00	4.272367487462656e-02
2.78080e+00	4.326573561790242e-02
