# Filename: 051519_AerECAW_150K_2500ns_4PDEER.DSC.txt
# Bckg_type: strexp_fixed_0.95_0.5
# FirstColumn: Time[us]
# SecondColumn: BckgSubtractedData
0.00000e+00	4.847419704515977e-02
8.00000e-03	6.387817618030292e-02
1.60000e-02	4.219118853835174e-02
2.40000e-02	5.491367861980503e-02
3.20000e-02	5.189880080594345e-02
4.00000e-02	4.910077364701241e-02
4.80000e-02	3.996771008661044e-02
5.60000e-02	5.508525703337370e-02
6.40000e-02	5.577717352332195e-02
7.20000e-02	3.390983021877068e-02
8.00000e-02	5.406157534005092e-02
8.80000e-02	4.564861582862684e-02
9.60000e-02	5.199667879532206e-02
1.04000e-01	3.297064058328833e-02
1.12000e-01	4.673787841949934e-02
1.20000e-01	2.976896298098771e-02
1.28000e-01	5.481561659350655e-02
1.36000e-01	4.291833052998933e-02
1.44000e-01	3.494278663046210e-02
1.52000e-01	3.672457835389843e-02
1.60000e-01	3.445878161019179e-02
1.68000e-01	3.262244435847898e-02
1.76000e-01	2.334368201515129e-02
1.84000e-01	2.858884060190748e-02
1.92000e-01	3.571623212135176e-02
2.00000e-01	3.652454487126306e-02
2.08000e-01	2.968076574678419e-02
2.16000e-01	3.023396044480438e-02
2.24000e-01	8.275992503707424e-03
2.32000e-01	7.615740963257268e-03
2.40000e-01	1.067960572886176e-02
2.48000e-01	3.088863722790315e-02
2.56000e-01	1.839614078264960e-02
2.64000e-01	1.401936401214941e-02
2.72000e-01	-4.231864221196405e-03
2.80000e-01	1.662369476866828e-02
2.88000e-01	2.849538102010032e-04
2.96000e-01	1.304741507001504e-02
3.04000e-01	3.179482644228773e-03
3.12000e-01	1.147581348299370e-02
3.20000e-01	6.616068494353334e-03
3.28000e-01	-1.347775551601989e-02
3.36000e-01	-1.789420943039470e-02
3.44000e-01	-6.442340128809058e-03
3.52000e-01	-2.703688297541880e-02
3.60000e-01	-6.487488483536850e-03
3.68000e-01	-1.339586664613419e-02
3.76000e-01	-2.446594729495091e-02
3.84000e-01	-2.493638450357666e-02
3.92000e-01	-1.371099516825206e-02
4.00000e-01	-2.356106496759359e-02
4.08000e-01	-5.347110439741889e-03
4.16000e-01	-1.676380826357732e-02
4.24000e-01	-3.027362159002385e-02
4.32000e-01	-7.912403650009130e-03
4.40000e-01	-4.112066883272961e-02
4.48000e-01	-4.316756150081080e-02
4.56000e-01	-2.067609750053890e-02
4.64000e-01	-1.095793810345380e-02
4.72000e-01	-3.586362309503486e-02
4.80000e-01	-2.355359857447233e-02
4.88000e-01	-3.861964255788605e-02
4.96000e-01	-3.894668117020574e-02
5.04000e-01	-4.402443131495800e-02
5.12000e-01	-3.113313203215596e-02
5.20000e-01	-4.636200792305790e-02
5.28000e-01	-3.550156901966710e-02
5.36000e-01	-3.756098996659102e-02
5.44000e-01	-2.621777193126548e-02
5.52000e-01	-5.416974004237411e-02
5.60000e-01	-5.837717034997067e-02
5.68000e-01	-2.874724858916951e-02
5.76000e-01	-4.056448297769907e-02
5.84000e-01	-5.029550008068213e-02
5.92000e-01	-4.478017750543375e-02
6.00000e-01	-4.644156799645871e-02
6.08000e-01	-5.075499739262394e-02
6.16000e-01	-4.316834254291280e-02
6.24000e-01	-3.086072282582410e-02
6.32000e-01	-4.745546825122324e-02
6.40000e-01	-4.835319905283035e-02
6.48000e-01	-3.565787507452060e-02
6.56000e-01	-4.043353413712420e-02
6.64000e-01	-4.280813573796055e-02
6.72000e-01	-5.060811039624723e-02
6.80000e-01	-4.784598927358299e-02
6.88000e-01	-4.865166726437469e-02
6.96000e-01	-4.354322959273101e-02
7.04000e-01	-3.738294641719057e-02
7.12000e-01	-4.813365222018528e-02
7.20000e-01	-4.389547329740809e-02
7.28000e-01	-4.112773583305140e-02
7.36000e-01	-5.494443823366022e-02
7.44000e-01	-5.694561349364743e-02
7.52000e-01	-4.180049690520671e-02
7.60000e-01	-3.872076778754726e-02
7.68000e-01	-3.057058273517477e-02
7.76000e-01	-3.413213743024936e-02
7.84000e-01	-3.521253139463856e-02
7.92000e-01	-4.214226236999707e-02
8.00000e-01	-4.191174044037070e-02
8.08000e-01	-4.160163561547563e-02
8.16000e-01	-3.071070082168376e-02
8.24000e-01	-4.031065197377738e-02
8.32000e-01	-3.400464864223065e-02
8.40000e-01	-5.521480602320532e-02
8.48000e-01	-3.434061988666234e-02
8.56000e-01	-3.965991178539242e-02
8.64000e-01	-3.882701088396305e-02
8.72000e-01	-4.413379960449613e-02
8.80000e-01	-3.237674655338792e-02
8.88000e-01	-4.651584489281856e-02
8.96000e-01	-4.181909896957055e-02
9.04000e-01	-3.580684314596127e-02
9.12000e-01	-4.716538054550953e-02
9.20000e-01	-4.681394855459676e-02
9.28000e-01	-3.282514853713121e-02
9.36000e-01	-2.291941871153666e-02
9.44000e-01	-3.592308651192000e-02
9.52000e-01	-2.669621136076420e-02
9.60000e-01	-2.537529420491389e-02
9.68000e-01	-5.842046496093851e-02
9.76000e-01	-3.658417007834556e-02
9.84000e-01	-2.995946573319679e-02
9.92000e-01	-4.228277658484401e-02
1.00000e+00	-3.574580519807161e-02
1.00800e+00	-2.454560117151720e-02
1.01600e+00	-3.583314568779995e-02
1.02400e+00	-2.544520583795529e-02
1.03200e+00	-3.189738661105470e-02
1.04000e+00	-3.751096895176723e-02
1.04800e+00	-2.451382695905868e-02
1.05600e+00	-2.360098412868858e-02
1.06400e+00	-2.753432874235737e-02
1.07200e+00	-3.092684213020189e-02
1.08000e+00	-3.108745196223067e-02
1.08800e+00	-5.293064155560907e-02
1.09600e+00	-1.532361923199332e-02
1.10400e+00	-1.492001559397399e-02
1.11200e+00	-2.672051926848522e-03
1.12000e+00	-1.543747387912324e-02
1.12800e+00	-2.277547401673578e-02
1.13600e+00	-1.801049614337980e-03
1.14400e+00	-3.233421622489756e-02
1.15200e+00	-5.048953838547698e-03
1.16000e+00	-1.855918865574210e-02
1.16800e+00	-1.311202739605829e-02
1.17600e+00	-6.025855718875077e-03
1.18400e+00	-2.997805290913967e-02
1.19200e+00	-1.639335440754841e-02
1.20000e+00	-1.057846160743200e-02
1.20800e+00	-2.850969496199557e-02
1.21600e+00	-1.581962264634277e-02
1.22400e+00	-2.633943190541490e-02
1.23200e+00	-1.829569855214501e-02
1.24000e+00	-4.752270444198601e-03
1.24800e+00	-1.740115287579011e-02
1.25600e+00	-2.564624555047376e-02
1.26400e+00	-1.810112581230912e-02
1.27200e+00	-1.218855588124197e-02
1.28000e+00	-1.013424160147524e-02
1.28800e+00	-1.818126451020853e-02
1.29600e+00	-2.086862263842720e-02
1.30400e+00	-2.779215437204029e-02
1.31200e+00	-3.071683382582348e-03
1.32000e+00	-6.308906581392943e-03
1.32800e+00	-9.305050838559087e-03
1.33600e+00	4.140751772329775e-03
1.34400e+00	-1.351722551860315e-02
1.35200e+00	3.604210436882134e-03
1.36000e+00	-1.045365291841089e-02
1.36800e+00	-4.644633580121896e-03
1.37600e+00	8.321030456369028e-03
1.38400e+00	-2.302977370334024e-04
1.39200e+00	6.984980662480717e-04
1.40000e+00	-3.655983774331116e-03
1.40800e+00	1.353982638556313e-03
1.41600e+00	9.001855683116873e-03
1.42400e+00	1.025021968390541e-02
1.43200e+00	8.961478255861331e-03
1.44000e+00	3.901475586005284e-03
1.44800e+00	7.612040155598273e-03
1.45600e+00	4.013734637975069e-03
1.46400e+00	1.752149370539770e-03
1.47200e+00	2.491899124295406e-03
1.48000e+00	-2.734521848617824e-03
1.48800e+00	4.420455958974256e-04
1.49600e+00	7.883982310130483e-03
1.50400e+00	-1.701314350361316e-02
1.51200e+00	3.208899198971299e-03
1.52000e+00	-1.259339056922047e-03
1.52800e+00	-2.002804624492943e-03
1.53600e+00	5.913883771708087e-04
1.54400e+00	1.341572783181422e-03
1.55200e+00	2.312930154438140e-02
1.56000e+00	4.172680865250359e-04
1.56800e+00	-6.082198432836991e-03
1.57600e+00	1.091599292003875e-02
1.58400e+00	1.538881561046738e-02
1.59200e+00	1.483715639410969e-02
1.60000e+00	-8.814301195156537e-03
1.60800e+00	-3.791238314130768e-03
1.61600e+00	2.032363325719807e-02
1.62400e+00	2.359959516631890e-02
1.63200e+00	2.268255101746725e-02
1.64000e+00	1.389251046351301e-02
1.64800e+00	9.285446049485672e-03
1.65600e+00	2.045282120247366e-02
1.66400e+00	-6.566380070043923e-04
1.67200e+00	7.545984513986058e-03
1.68000e+00	1.942606799515148e-02
1.68800e+00	-1.025127962170987e-03
1.69600e+00	1.707484592220433e-02
1.70400e+00	6.889130842399589e-03
1.71200e+00	2.873185280172147e-03
1.72000e+00	7.817919668268128e-03
1.72800e+00	1.233516025489550e-02
1.73600e+00	1.109967621608044e-02
1.74400e+00	4.081936040236732e-03
1.75200e+00	1.545041007017598e-02
1.76000e+00	2.296428817482833e-02
1.76800e+00	-3.338528221552511e-03
1.77600e+00	1.397796394925714e-02
1.78400e+00	3.008596483986765e-03
1.79200e+00	6.610504258185537e-03
1.80000e+00	-1.095165284492831e-02
1.80800e+00	1.357385509115120e-02
1.81600e+00	-7.351905693091694e-04
1.82400e+00	4.937131332577656e-03
1.83200e+00	8.584668651138534e-03
1.84000e+00	2.469087912244157e-02
1.84800e+00	5.696199501757287e-03
1.85600e+00	2.996260529861780e-03
1.86400e+00	2.360637811690059e-02
1.87200e+00	1.450891751441261e-02
1.88000e+00	2.389352234209446e-02
1.88800e+00	2.006947716363890e-02
1.89600e+00	1.880455882691289e-02
1.90400e+00	1.309802443695816e-02
1.91200e+00	1.993306584894901e-02
1.92000e+00	1.932236814732136e-02
1.92800e+00	2.614629965885167e-02
1.93600e+00	2.295013411557661e-02
1.94400e+00	3.382834254944916e-02
1.95200e+00	1.736175592956357e-02
1.96000e+00	1.819482432318785e-02
1.96800e+00	1.920033656278754e-02
1.97600e+00	1.251761402200849e-02
1.98400e+00	2.189898052768222e-02
1.99200e+00	2.599159377545065e-02
2.00000e+00	1.929323342050642e-02
2.00800e+00	2.061578599182527e-02
2.01600e+00	1.243052266023154e-02
2.02400e+00	1.514428871289171e-02
2.03200e+00	3.514373606390809e-02
2.04000e+00	1.463764970244648e-02
2.04800e+00	2.717980587378462e-02
2.05600e+00	3.380908441299063e-03
2.06400e+00	9.967155865698442e-03
2.07200e+00	1.932123878090432e-02
2.08000e+00	4.681352808569958e-02
2.08800e+00	2.532345303998915e-02
2.09600e+00	1.305725523638449e-02
2.10400e+00	3.853947383226521e-02
2.11200e+00	1.836088324215962e-02
2.12000e+00	3.175901659797962e-02
2.12800e+00	1.230834295093347e-02
2.13600e+00	2.596657326964799e-02
2.14400e+00	1.837471835696676e-02
2.15200e+00	1.694157547913820e-02
2.16000e+00	3.045490117044083e-02
2.16800e+00	2.156991046033624e-02
2.17600e+00	2.062921100831282e-02
2.18400e+00	9.406004392508376e-03
2.19200e+00	9.879142861790908e-03
2.20000e+00	2.317256086952974e-02
2.20800e+00	1.973035592799634e-02
2.21600e+00	3.179138937010565e-02
2.22400e+00	2.260123313272721e-02
2.23200e+00	3.535987933749019e-02
2.24000e+00	4.565729095200646e-02
2.24800e+00	4.675113785852594e-02
2.25600e+00	3.302218526006758e-02
2.26400e+00	2.087505562225498e-02
2.27200e+00	2.321464391955744e-02
2.28000e+00	1.214985744283001e-02
2.28800e+00	2.740537228517533e-02
2.29600e+00	4.197598765945738e-02
2.30400e+00	3.158652477843570e-02
2.31200e+00	3.330631257254221e-02
2.32000e+00	2.226279175581488e-02
