# Filename: 121418_AerBL21_2500ns_150K.DSC.txt
# Bckg_type: strexp_fixed_0.95_0.5
# FirstColumn: Time[us]
# SecondColumn: BckgSubtractedData
0.00000e+00	7.264137379516745e-03
8.00000e-03	6.141793609169706e-03
1.60000e-02	1.129864038732584e-02
2.40000e-02	1.375547717740849e-02
3.20000e-02	2.399626434224032e-03
4.00000e-02	1.224661873671132e-03
4.80000e-02	5.251992595284720e-03
5.60000e-02	3.313195658235826e-03
6.40000e-02	6.164784522707217e-03
7.20000e-02	8.363418782491269e-03
8.00000e-02	3.981047952053760e-03
8.80000e-02	7.823462074410413e-03
9.60000e-02	4.513462606613974e-03
1.04000e-01	6.384159485989156e-03
1.12000e-01	2.181534870288487e-03
1.20000e-01	2.547191925199768e-03
1.28000e-01	8.398719757874845e-03
1.36000e-01	3.318066406439202e-03
1.44000e-01	3.683710917862768e-03
1.52000e-01	-8.188307170895057e-04
1.60000e-01	-1.643758281488134e-03
1.68000e-01	8.367946949670491e-03
1.76000e-01	4.293170343217844e-04
1.84000e-01	1.157980234792441e-03
1.92000e-01	-6.471346136473436e-04
2.00000e-01	-1.491507255467425e-05
2.08000e-01	-1.411368396648300e-03
2.16000e-01	-6.691947463566430e-04
2.24000e-01	-5.380691240778964e-04
2.32000e-01	5.516219460278518e-03
2.40000e-01	5.789351957279053e-03
2.48000e-01	-6.882593548268776e-04
2.56000e-01	-2.303853367967689e-03
2.64000e-01	-3.056770058841553e-04
2.72000e-01	3.185803798553108e-03
2.80000e-01	3.648063282127462e-03
2.88000e-01	2.587421320548033e-03
2.96000e-01	-3.914108347107479e-03
3.04000e-01	4.892949400490027e-03
3.12000e-01	-8.695283001758270e-03
3.20000e-01	2.872914672320865e-03
3.28000e-01	-1.659482208240332e-03
3.36000e-01	7.759535520326787e-03
3.44000e-01	-8.875380303397397e-04
3.52000e-01	1.475172621910671e-03
3.60000e-01	1.917752483141725e-04
3.68000e-01	2.580166039745249e-03
3.76000e-01	4.475678798336144e-03
3.84000e-01	4.218128977401883e-03
3.92000e-01	-6.249222085786773e-03
4.00000e-01	4.971503690790610e-03
4.08000e-01	-5.428751425427327e-03
4.16000e-01	1.509642963256413e-03
4.24000e-01	-5.073849353854422e-03
4.32000e-01	-1.150507825397398e-03
4.40000e-01	-4.816895376971548e-03
4.48000e-01	-1.551906001458943e-03
4.56000e-01	-5.960532579928107e-03
4.64000e-01	-9.038101610642777e-03
4.72000e-01	-1.530571379107407e-02
4.80000e-01	-2.580006800398382e-03
4.88000e-01	-7.740533585588323e-03
4.96000e-01	-1.118506428425440e-02
5.04000e-01	6.666929144706756e-03
5.12000e-01	-4.652017214025012e-03
5.20000e-01	5.808193579637874e-04
5.28000e-01	-8.666037159320560e-03
5.36000e-01	-6.493983003678928e-03
5.44000e-01	-2.460880569974093e-03
5.52000e-01	2.811080840028873e-03
5.60000e-01	-3.881606517130086e-03
5.68000e-01	-9.005989509760904e-03
5.76000e-01	-5.588562438784601e-03
5.84000e-01	-3.468494679919374e-03
5.92000e-01	9.778785540921044e-03
6.00000e-01	-2.585735424068850e-03
6.08000e-01	1.613072728097006e-03
6.16000e-01	-1.418294184010967e-02
6.24000e-01	-1.158116197819497e-02
6.32000e-01	-9.175118069301401e-03
6.40000e-01	-2.539230776519157e-03
6.48000e-01	-2.972655823991480e-03
6.56000e-01	2.775093126459146e-03
6.64000e-01	-7.226212594266091e-04
6.72000e-01	-6.652326597182338e-03
6.80000e-01	-5.380269384424746e-03
6.88000e-01	-7.296422543718098e-03
6.96000e-01	-2.560854451835652e-03
7.04000e-01	-6.581035691663722e-03
7.12000e-01	-1.251250867541779e-03
7.20000e-01	-5.478953279378367e-03
7.28000e-01	-1.893787515496775e-02
7.36000e-01	-1.600371011521702e-03
7.44000e-01	-5.968095312538983e-03
7.52000e-01	7.439846979342756e-03
7.60000e-01	-9.630727486048488e-03
7.68000e-01	-6.980251999848763e-03
7.76000e-01	-3.454110447747660e-03
7.84000e-01	-3.667800542692673e-03
7.92000e-01	8.167009308664325e-04
8.00000e-01	6.517019033200405e-04
8.08000e-01	-4.790554683593588e-03
8.16000e-01	-4.526450741524537e-03
8.24000e-01	-5.691778007470556e-03
8.32000e-01	-6.508374814920014e-03
8.40000e-01	-2.247937966816344e-03
8.48000e-01	-3.576531018262461e-03
8.56000e-01	-5.624914899870493e-04
8.64000e-01	-5.140030868313064e-03
8.72000e-01	1.435158443896695e-03
8.80000e-01	-1.417038759331459e-02
8.88000e-01	-1.138000304796440e-02
8.96000e-01	3.237759409802050e-03
9.04000e-01	-2.130041719680612e-03
9.12000e-01	-5.810243455831542e-03
9.20000e-01	-1.426493983682010e-03
9.28000e-01	-4.852715915868342e-03
9.36000e-01	4.050046498809915e-05
9.44000e-01	-1.167580192329276e-03
9.52000e-01	-2.408493157369183e-03
9.60000e-01	-1.943448647001409e-03
9.68000e-01	-9.187234005946773e-03
9.76000e-01	1.565183838614687e-03
9.84000e-01	2.323261900409265e-03
9.92000e-01	-8.410883812271931e-04
1.00000e+00	-8.746539600305029e-03
1.00800e+00	4.052713117493346e-04
1.01600e+00	-2.586291853370362e-04
1.02400e+00	-9.220181849149831e-03
1.03200e+00	-1.055639985613895e-02
1.04000e+00	-4.368647212957982e-03
1.04800e+00	-8.438388031635215e-03
1.05600e+00	3.904495328291768e-03
1.06400e+00	-1.042566390350188e-02
1.07200e+00	1.040074887207896e-03
1.08000e+00	-8.389630048664599e-03
1.08800e+00	3.895131275072122e-04
1.09600e+00	7.081685390604860e-04
1.10400e+00	1.755505509689397e-03
1.11200e+00	-3.116977879703160e-03
1.12000e+00	-8.188694745831874e-04
1.12800e+00	-1.965247098757018e-03
1.13600e+00	-9.545407868139918e-03
1.14400e+00	3.110396718556109e-03
1.15200e+00	-2.452419161030345e-03
1.16000e+00	-1.029762921253880e-03
1.16800e+00	5.052135425190635e-03
1.17600e+00	5.589881135134859e-03
1.18400e+00	-2.328608163508238e-03
1.19200e+00	-2.385585012337347e-03
1.20000e+00	-3.594349077812808e-03
1.20800e+00	-2.493291418482550e-05
1.21600e+00	2.114043475246128e-03
1.22400e+00	-2.651286477440292e-03
1.23200e+00	2.415298116530409e-03
1.24000e+00	-3.624071885658769e-03
1.24800e+00	1.688497850856886e-03
1.25600e+00	6.901977774792713e-03
1.26400e+00	-2.310565307106386e-03
1.27200e+00	-6.893082969265407e-04
1.28000e+00	2.285343219648902e-03
1.28800e+00	-4.514008825269876e-03
1.29600e+00	-3.852162948926012e-03
1.30400e+00	2.632498503245439e-03
1.31200e+00	-5.207089111335338e-03
1.32000e+00	-9.857550769710018e-03
1.32800e+00	-5.225211825368365e-04
1.33600e+00	-4.740379911666594e-04
1.34400e+00	-1.274010544132458e-03
1.35200e+00	-2.336676910394306e-03
1.36000e+00	-1.390601515546225e-03
1.36800e+00	-4.947932700011488e-03
1.37600e+00	-6.798581206583190e-03
1.38400e+00	-1.228516334791950e-03
1.39200e+00	-5.731661703001029e-03
1.40000e+00	-6.684312099980723e-03
1.40800e+00	-1.005265964809467e-02
1.41600e+00	-3.429989158108040e-03
1.42400e+00	-2.503349914145990e-04
1.43200e+00	-4.600636826282944e-04
1.44000e+00	8.601452095957930e-03
1.44800e+00	-1.695120360384034e-03
1.45600e+00	-7.292272413950698e-04
1.46400e+00	7.673149579636223e-03
1.47200e+00	-1.471221068099572e-04
1.48000e+00	2.685568862957456e-03
1.48800e+00	3.623574168176278e-03
1.49600e+00	-5.068822094102993e-03
1.50400e+00	3.528694546461149e-03
1.51200e+00	-4.184084132854545e-04
1.52000e+00	5.109642618289037e-03
1.52800e+00	-2.842656101891560e-03
1.53600e+00	3.633518469241162e-03
1.54400e+00	-3.302184989159866e-04
1.55200e+00	3.318820402955644e-03
1.56000e+00	7.242311876978517e-03
1.56800e+00	-7.369774869524625e-04
1.57600e+00	-2.772044302876625e-03
1.58400e+00	-1.859164690119035e-03
1.59200e+00	1.050982187897800e-02
1.60000e+00	-5.777356610966302e-03
1.60800e+00	5.510939282488738e-03
1.61600e+00	-2.329619016164347e-04
1.62400e+00	6.377729986744719e-03
1.63200e+00	7.688769118249588e-04
1.64000e+00	3.723271977986276e-03
1.64800e+00	-2.483949087316463e-03
1.65600e+00	1.892064471635368e-03
1.66400e+00	-1.426746812992205e-02
1.67200e+00	4.340236162718209e-03
1.68000e+00	9.909563430667058e-04
1.68800e+00	-2.763814564053700e-03
1.69600e+00	1.254792863243977e-02
1.70400e+00	1.855131300853491e-05
1.71200e+00	-2.409479832757348e-03
1.72000e+00	-6.768460885402303e-03
1.72800e+00	-1.014302730802577e-03
1.73600e+00	-4.074662232675916e-03
1.74400e+00	-4.828405033975416e-04
1.75200e+00	2.753007070482679e-03
1.76000e+00	2.961008598439626e-04
1.76800e+00	6.979271463393060e-03
1.77600e+00	4.892146945091368e-03
1.78400e+00	-5.332270639409937e-04
1.79200e+00	6.388056707410559e-03
1.80000e+00	-1.165656974788230e-03
1.80800e+00	-6.945795790389117e-04
1.81600e+00	-7.220772386265099e-04
1.82400e+00	2.342320430033937e-03
1.83200e+00	4.640676130785175e-03
1.84000e+00	9.817811766798107e-03
1.84800e+00	1.251535317613188e-03
1.85600e+00	1.076246610124281e-02
1.86400e+00	2.661522822653762e-03
1.87200e+00	8.115958876202369e-03
1.88000e+00	1.864795241107344e-03
1.88800e+00	-1.942997188659867e-03
1.89600e+00	9.861535716369609e-04
1.90400e+00	2.843246609696775e-03
1.91200e+00	-2.853192634917684e-03
1.92000e+00	-2.402453938437959e-03
1.92800e+00	-1.498320048572026e-03
1.93600e+00	-1.091041184249715e-03
1.94400e+00	2.384536767315207e-03
1.95200e+00	9.486689531558110e-03
1.96000e+00	-4.116489592078749e-03
1.96800e+00	1.040655283726211e-02
1.97600e+00	-4.558255150607716e-06
1.98400e+00	6.473660574743877e-03
1.99200e+00	7.185725688693446e-03
2.00000e+00	2.714294608686027e-03
2.00800e+00	-1.111052060435445e-02
2.01600e+00	7.630289122123821e-03
2.02400e+00	2.945993014393589e-03
2.03200e+00	2.814870535654623e-03
2.04000e+00	1.593389951358792e-03
2.04800e+00	4.129356011738688e-03
2.05600e+00	2.848541102262731e-03
2.06400e+00	3.771355667108862e-03
2.07200e+00	1.092924043071752e-02
2.08000e+00	2.032899739680380e-03
2.08800e+00	-4.902591621907116e-03
2.09600e+00	-2.068513625378972e-03
2.10400e+00	1.830653233292544e-03
2.11200e+00	-1.489783607089030e-03
2.12000e+00	-1.683377094600434e-03
2.12800e+00	-2.032909859641255e-03
2.13600e+00	-4.120180964735923e-03
2.14400e+00	-6.956753396296651e-04
2.15200e+00	8.021811959883494e-03
2.16000e+00	-2.262168226219640e-03
2.16800e+00	4.311803949183095e-03
2.17600e+00	-2.483273099944355e-03
2.18400e+00	5.767552081107323e-03
2.19200e+00	1.599132161308072e-03
2.20000e+00	1.041418484935913e-02
2.20800e+00	2.129446998293064e-03
2.21600e+00	4.998873530862692e-03
2.22400e+00	4.191484492780949e-03
