# Filename: 031519_Aer_EcCheA_EcCheW_BL21_150K_DEER_3200ns.DSC_db6_symmetric_denoised.txt
# Bckg_type: strexp_fixed_0.95_0.5
# FirstColumn: Time[us]
# SecondColumn: BckgSubtractedData
-3.20000e-03	9.361324458249606e-03
1.28000e-02	8.770584890361989e-03
2.88000e-02	8.108607592405342e-03
4.48000e-02	7.412626424248113e-03
6.08000e-02	6.681577517447059e-03
7.68000e-02	5.933998317173526e-03
9.28000e-02	5.179642586931839e-03
1.08800e-01	4.413572967361703e-03
1.24800e-01	3.637149799556405e-03
1.40800e-01	2.840781901586830e-03
1.56800e-01	2.019503423786027e-03
1.72800e-01	1.187006072678371e-03
1.88800e-01	3.549836169131326e-04
2.04800e-01	-4.711335904241974e-04
2.20800e-01	-1.282482235222762e-03
2.36800e-01	-2.074088256823209e-03
2.52800e-01	-2.843274175824605e-03
2.68800e-01	-3.574512297146097e-03
2.84800e-01	-4.261864455569423e-03
3.00800e-01	-4.905116648243405e-03
3.16800e-01	-5.499970815738506e-03
3.32800e-01	-6.061820580535555e-03
3.48800e-01	-6.598446273647929e-03
3.64800e-01	-7.100030614963148e-03
3.80800e-01	-7.563111763082121e-03
3.96800e-01	-7.978709017261739e-03
4.12800e-01	-8.339455278448149e-03
4.28800e-01	-8.655563883008546e-03
4.44800e-01	-8.937936538578968e-03
4.60800e-01	-9.183071800467565e-03
4.76800e-01	-9.393494688671594e-03
4.92800e-01	-9.578272873427792e-03
5.08800e-01	-9.741483472221670e-03
5.24800e-01	-9.898307644818426e-03
5.40800e-01	-1.005699365795967e-02
5.56800e-01	-1.021236526698484e-02
5.72800e-01	-1.036158734215207e-02
5.88800e-01	-1.049728357613926e-02
6.04800e-01	-1.061302599294745e-02
6.20800e-01	-1.071083714620443e-02
6.36800e-01	-1.079163296341257e-02
6.52800e-01	-1.085137580451001e-02
6.68800e-01	-1.088963331029612e-02
6.84800e-01	-1.090382455298156e-02
7.00800e-01	-1.088816299141126e-02
7.16800e-01	-1.085027406451909e-02
7.32800e-01	-1.079416827810824e-02
7.48800e-01	-1.070919904890885e-02
7.64800e-01	-1.058926491341463e-02
7.80800e-01	-1.043049861433096e-02
7.96800e-01	-1.022691401960738e-02
8.12800e-01	-9.983634261553772e-03
8.28800e-01	-9.709047701650698e-03
8.44800e-01	-9.392923876221477e-03
8.60800e-01	-9.032589291488461e-03
8.76800e-01	-8.640107925809206e-03
8.92800e-01	-8.221431138972538e-03
9.08800e-01	-7.790377413784936e-03
9.24800e-01	-7.357426278960741e-03
9.40800e-01	-6.915885321313690e-03
9.56800e-01	-6.459640367875065e-03
9.72800e-01	-5.991447865184726e-03
9.88800e-01	-5.509726940132175e-03
1.00480e+00	-5.012063732104891e-03
1.02080e+00	-4.499054489025905e-03
1.03680e+00	-3.960166075590609e-03
1.05280e+00	-3.392443137596531e-03
1.06880e+00	-2.800962825659041e-03
1.08480e+00	-2.187717317672674e-03
1.10080e+00	-1.566568668184881e-03
1.11680e+00	-9.467337530395701e-04
1.13280e+00	-3.252716931081069e-04
1.14880e+00	2.971837060217685e-04
1.16480e+00	9.218501169383054e-04
1.18080e+00	1.550147760795717e-03
1.19680e+00	2.173608053986505e-03
1.21280e+00	2.782631874395495e-03
1.22880e+00	3.379076717925655e-03
1.24480e+00	3.960948967550225e-03
1.26080e+00	4.518635520213455e-03
1.27680e+00	5.046488708122656e-03
1.29280e+00	5.534507727220708e-03
1.30880e+00	5.975703151561320e-03
1.32480e+00	6.372773639652969e-03
1.34080e+00	6.728699634840563e-03
1.35680e+00	7.043498749024467e-03
1.37280e+00	7.318541084059259e-03
1.38880e+00	7.556776825373001e-03
1.40480e+00	7.760145025745053e-03
1.42080e+00	7.932913648211854e-03
1.43680e+00	8.078084575064447e-03
1.45280e+00	8.195711993019963e-03
1.46880e+00	8.286441080974899e-03
1.48480e+00	8.350399132934026e-03
1.50080e+00	8.387587960083005e-03
1.51680e+00	8.400039925266787e-03
1.53280e+00	8.389572115963756e-03
1.54880e+00	8.356014919656308e-03
1.56480e+00	8.300806253831667e-03
1.58080e+00	8.224750313236148e-03
1.59680e+00	8.127830154451000e-03
1.61280e+00	8.014961344991965e-03
1.62880e+00	7.888799153109669e-03
1.64480e+00	7.748456643626195e-03
1.66080e+00	7.594632636905170e-03
1.67680e+00	7.425009153659196e-03
1.69280e+00	7.238591867471457e-03
1.70880e+00	7.039127546284070e-03
1.72480e+00	6.829736219649231e-03
1.74080e+00	6.612389696550754e-03
1.75680e+00	6.389783110917741e-03
1.77280e+00	6.163132786172670e-03
1.78880e+00	5.933225509500863e-03
1.80480e+00	5.704113581180651e-03
1.82080e+00	5.477335742159244e-03
1.83680e+00	5.253422137327957e-03
1.85280e+00	5.033990439528855e-03
1.86880e+00	4.815002039973115e-03
1.88480e+00	4.594676662477167e-03
1.90080e+00	4.375997361950130e-03
1.91680e+00	4.160107558635628e-03
1.93280e+00	3.950182743595956e-03
1.94880e+00	3.748653372878825e-03
1.96480e+00	3.552792488611723e-03
1.98080e+00	3.359890364693096e-03
1.99680e+00	3.170640083503234e-03
2.01280e+00	2.984204367970966e-03
2.02880e+00	2.798768729219386e-03
2.04480e+00	2.613697387725696e-03
2.06080e+00	2.424969117382753e-03
2.07680e+00	2.230775317496980e-03
2.09280e+00	2.032484614970248e-03
2.10880e+00	1.830607084265594e-03
2.12480e+00	1.628284125326932e-03
2.14080e+00	1.427788729601676e-03
2.15680e+00	1.228090350654054e-03
2.17280e+00	1.028926190147656e-03
2.18880e+00	8.305830553435468e-04
2.20480e+00	6.327092301871111e-04
2.22080e+00	4.369202338020157e-04
2.23680e+00	2.455451730441708e-04
2.25280e+00	5.682029341481563e-05
2.26880e+00	-1.297262405915597e-04
2.28480e+00	-3.109603151425539e-04
2.30080e+00	-4.851561962487024e-04
2.31680e+00	-6.500192005541771e-04
2.33280e+00	-8.034601495471333e-04
2.34880e+00	-9.469531464596609e-04
2.36480e+00	-1.082417305842843e-03
2.38080e+00	-1.208345069229004e-03
2.39680e+00	-1.324750372262899e-03
2.41280e+00	-1.433827751930557e-03
2.42880e+00	-1.536624612550610e-03
2.44480e+00	-1.636448310837937e-03
2.46080e+00	-1.735472951153383e-03
2.47680e+00	-1.832534408176112e-03
2.49280e+00	-1.926961440697081e-03
2.50880e+00	-2.018353409802196e-03
2.52480e+00	-2.105904188329202e-03
2.54080e+00	-2.190276305712514e-03
2.55680e+00	-2.272209731212340e-03
2.57280e+00	-2.350133585567447e-03
2.58880e+00	-2.424233646729781e-03
2.60480e+00	-2.494872229308651e-03
2.62080e+00	-2.561555141041553e-03
2.63680e+00	-2.628312901274194e-03
2.65280e+00	-2.697227873933461e-03
2.66880e+00	-2.766744112310794e-03
2.68480e+00	-2.836755689200677e-03
2.70080e+00	-2.905047146589750e-03
2.71680e+00	-2.970219162582061e-03
2.73280e+00	-3.035094524479471e-03
2.74880e+00	-3.102236160182207e-03
2.76480e+00	-3.172092773507180e-03
2.78080e+00	-3.246113918771583e-03
2.79680e+00	-3.325663032866764e-03
2.81280e+00	-3.411345846778195e-03
2.82880e+00	-3.506625643822767e-03
2.84480e+00	-3.612935068714143e-03
2.86080e+00	-3.729743693643899e-03
2.87680e+00	-3.857336868185269e-03
2.89280e+00	-3.992609154330658e-03
2.90880e+00	-4.133681603039228e-03
2.92480e+00	-4.282079805339414e-03
2.94080e+00	-4.438253549111039e-03
