# Filename: 011619_AerCheACheW_Bl21_4PDeer_2500ns_150K.DSC.txt
# Bckg_type: strexp_fixed_0.9_1
# FirstColumn: Time[us]
# SecondColumn: BckgSubtractedData
-8.00000e-04	3.525117140090587e-03
7.20000e-03	2.949726324892647e-03
1.52000e-02	1.046663732382927e-02
2.32000e-02	2.034635470456475e-02
3.12000e-02	-1.556950329313229e-03
3.92000e-02	5.343522833047991e-03
4.72000e-02	5.291888792855199e-04
5.52000e-02	9.851055643934762e-03
6.32000e-02	-3.256302714012181e-03
7.12000e-02	1.192469130583329e-02
7.92000e-02	1.427395756229702e-02
8.72000e-02	7.817339173039946e-03
9.52000e-02	3.920377032509719e-03
1.03200e-01	1.227152292711215e-02
1.11200e-01	1.710436169950591e-02
1.19200e-01	1.072615831507813e-02
1.27200e-01	9.044512217964840e-03
1.35200e-01	1.668887736740397e-02
1.43200e-01	6.065772711159318e-03
1.51200e-01	8.552216403280983e-03
1.59200e-01	1.570641656980034e-02
1.67200e-01	1.162495945230003e-02
1.75200e-01	1.480528351678391e-02
1.83200e-01	9.433462153043980e-03
1.91200e-01	1.114185058110859e-02
1.99200e-01	1.032698795886678e-02
2.07200e-01	3.016515815858562e-03
2.15200e-01	4.408118005797093e-03
2.23200e-01	1.002437090404414e-02
2.31200e-01	1.079064304487592e-02
2.39200e-01	8.925084388687195e-03
2.47200e-01	2.634347163153643e-03
2.55200e-01	4.436342688483095e-03
2.63200e-01	1.116476248127799e-02
2.71200e-01	6.793629210849229e-03
2.79200e-01	8.550644469946710e-03
2.87200e-01	1.132653593791744e-03
2.95200e-01	5.581077619459733e-03
3.03200e-01	-2.090830191988593e-03
3.11200e-01	-3.341324433311061e-03
3.19200e-01	2.328995405907276e-03
3.27200e-01	4.049414699487104e-03
3.35200e-01	-3.582836777364960e-04
3.43200e-01	3.930767881720634e-03
3.51200e-01	-7.158676937574615e-03
3.59200e-01	-4.866307502616472e-03
3.67200e-01	-3.207080963896073e-05
3.75200e-01	-2.629300221036866e-04
3.83200e-01	-2.524028574486409e-03
3.91200e-01	-4.845229069750287e-03
3.99200e-01	-1.201659887949372e-03
4.07200e-01	-1.712139139578856e-03
4.15200e-01	-5.685746559190978e-03
4.23200e-01	3.298864791975836e-03
4.31200e-01	2.915678563162162e-03
4.39200e-01	-4.497715865829032e-03
4.47200e-01	-1.018595324109694e-02
4.55200e-01	8.347133868334343e-04
4.63200e-01	2.248282911927398e-03
4.71200e-01	-8.205597989050531e-03
4.79200e-01	2.928166073070597e-03
4.87200e-01	-6.972188249494864e-03
4.95200e-01	5.832370461221478e-03
5.03200e-01	-9.739924192700263e-04
5.11200e-01	-3.234966415938307e-03
5.19200e-01	-1.030748210521347e-02
5.27200e-01	-3.014393410764293e-03
5.35200e-01	-1.607220367087859e-02
5.43200e-01	-1.005859472949357e-02
5.51200e-01	-3.121065317901218e-03
5.59200e-01	-1.592119237321822e-03
5.67200e-01	-9.624847051316219e-03
5.75200e-01	-1.333515924679360e-02
5.83200e-01	-2.293098638260313e-03
5.91200e-01	-7.377428209910114e-03
5.99200e-01	-1.031796730659990e-03
6.07200e-01	-6.002527787550541e-03
6.15200e-01	-7.920316799675664e-03
6.23200e-01	-3.890512984547608e-03
6.31200e-01	8.703735282628312e-04
6.39200e-01	-6.736593746536979e-03
6.47200e-01	1.644416168218545e-03
6.55200e-01	-4.687123844995120e-03
6.63200e-01	-1.166097777655609e-02
6.71200e-01	2.194573860393177e-04
6.79200e-01	-1.452938658222255e-02
6.87200e-01	-6.389270289324929e-03
6.95200e-01	-1.188364532665752e-02
7.03200e-01	-6.954831346731745e-03
7.11200e-01	-1.338761463838680e-02
7.19200e-01	-4.786030059072939e-03
7.27200e-01	-3.375097611677838e-03
7.35200e-01	-1.382389092631935e-02
7.43200e-01	-5.496918059477478e-03
7.51200e-01	-7.835009891653016e-03
7.59200e-01	-1.090072385103188e-02
7.67200e-01	9.571770679788207e-04
7.75200e-01	-1.150648780831568e-02
7.83200e-01	-8.918495199814684e-03
7.91200e-01	-6.041877845856535e-03
7.99200e-01	-4.437766855781466e-04
8.07200e-01	-4.241224795452390e-03
8.15200e-01	-2.413213442060406e-03
8.23200e-01	-1.108552835854060e-02
8.31200e-01	-6.152872665148302e-03
8.39200e-01	-7.982610844349276e-03
8.47200e-01	-1.907704364809644e-03
8.55200e-01	-1.126045916065827e-02
8.63200e-01	2.237891778746378e-03
8.71200e-01	-4.840810364728776e-03
8.79200e-01	-7.519757682622135e-03
8.87200e-01	-1.200068462525193e-02
8.95200e-01	-6.024343520325205e-03
9.03200e-01	-9.894456837057194e-03
9.11200e-01	-7.039448667250171e-03
9.19200e-01	-1.087325702848798e-02
9.27200e-01	-1.082902158114409e-02
9.35200e-01	-3.391822540738471e-03
9.43200e-01	-4.333221090673026e-03
9.51200e-01	-9.176383170507989e-03
9.59200e-01	-4.493575272631696e-03
9.67200e-01	-3.270948831622093e-03
9.75200e-01	-1.040480974434517e-02
9.83200e-01	-5.598934597384785e-03
9.91200e-01	-7.290230531986718e-03
9.99200e-01	-6.361925453636880e-03
1.00720e+00	-1.387454556773065e-02
1.01520e+00	-4.917206578293288e-03
1.02320e+00	-1.190219124830511e-02
1.03120e+00	-4.078966420340997e-03
1.03920e+00	-1.251063896871341e-02
1.04720e+00	-7.116422205615414e-04
1.05520e+00	-6.172214479415215e-04
1.06320e+00	-9.301082292939010e-03
1.07120e+00	1.992740846144880e-03
1.07920e+00	-1.543141717970180e-02
1.08720e+00	-3.887572436878244e-03
1.09520e+00	-1.127567562040430e-02
1.10320e+00	-7.083512776151655e-03
1.11120e+00	-4.757711753221398e-03
1.11920e+00	-1.077905411192945e-03
1.12720e+00	-3.697535102109043e-03
1.13520e+00	-1.258576531826296e-02
1.14320e+00	1.658422062192125e-03
1.15120e+00	3.681352832996420e-03
1.15920e+00	-8.393688412391897e-03
1.16720e+00	-1.023319485471817e-02
1.17520e+00	-1.112687089692412e-02
1.18320e+00	-7.830939272229441e-03
1.19120e+00	-8.252114325134260e-07
1.19920e+00	-1.335890906486009e-02
1.20720e+00	-3.093760535818334e-03
1.21520e+00	4.949014654940624e-03
1.22320e+00	-2.110194783682390e-03
1.23120e+00	-5.587298472762603e-03
1.23920e+00	-1.452530296664939e-03
1.24720e+00	2.044317581802453e-03
1.25520e+00	4.101307260640072e-04
1.26320e+00	-6.991519067641565e-03
1.27120e+00	-1.733572627082303e-03
1.27920e+00	-6.235998285814823e-03
1.28720e+00	-1.141425840249679e-03
1.29520e+00	-2.502685547291385e-03
1.30320e+00	-9.156060622787380e-03
1.31120e+00	-6.144427390800636e-03
1.31920e+00	-6.226900631816507e-03
1.32720e+00	-4.915935755155009e-03
1.33520e+00	-1.333135377647683e-03
1.34320e+00	-5.280296500172249e-03
1.35120e+00	3.296296404600781e-03
1.35920e+00	4.455709682563139e-03
1.36720e+00	-3.187445430715094e-03
1.37520e+00	1.201561376401833e-03
1.38320e+00	7.846467735934214e-03
1.39120e+00	-5.130255027314172e-04
1.39920e+00	2.063205315549071e-03
1.40720e+00	-2.621559996785796e-03
1.41520e+00	-4.708919215161074e-03
1.42320e+00	-1.255985461282307e-02
1.43120e+00	9.052759125329728e-03
1.43920e+00	1.805416607889580e-04
1.44720e+00	-1.037790789856345e-03
1.45520e+00	-1.738493427883161e-04
1.46320e+00	3.051199679684511e-03
1.47120e+00	4.705504213745462e-03
1.47920e+00	-5.749250604825264e-04
1.48720e+00	-2.804016960207328e-03
1.49520e+00	-1.589461857220132e-03
1.50320e+00	1.846434279162901e-03
1.51120e+00	5.667339890639658e-03
1.51920e+00	-5.071183351803056e-03
1.52720e+00	9.980911401465758e-04
1.53520e+00	9.865454612438651e-03
1.54320e+00	-5.635560245516516e-03
1.55120e+00	2.039715553790341e-03
1.55920e+00	1.110124838317417e-03
1.56720e+00	4.326340716607972e-03
1.57520e+00	7.149724101994050e-03
1.58320e+00	3.284439881238871e-04
1.59120e+00	9.861977322812699e-05
1.59920e+00	3.951707871362117e-03
1.60720e+00	6.201745615293669e-04
1.61520e+00	1.826365691140722e-04
1.62320e+00	2.764520229638608e-03
1.63120e+00	6.303863814092912e-04
1.63920e+00	-2.426989754238435e-03
1.64720e+00	-6.006137412021617e-04
1.65520e+00	4.969328563386283e-03
1.66320e+00	-8.154424029033726e-05
1.67120e+00	5.715898030312133e-03
1.67920e+00	-8.582105240852051e-03
1.68720e+00	-2.214956364733412e-03
1.69520e+00	7.229021492396565e-03
1.70320e+00	7.452881618615785e-03
1.71120e+00	7.413301343359264e-03
1.71920e+00	-2.975368257964560e-03
1.72720e+00	5.748072958486963e-03
1.73520e+00	9.355819965946269e-03
1.74320e+00	-1.442167571300009e-03
1.75120e+00	6.781037200455982e-05
1.75920e+00	9.395966101500088e-04
1.76720e+00	-1.152210682132244e-03
1.77520e+00	-2.391436489687409e-03
1.78320e+00	-3.181644029431509e-03
1.79120e+00	1.500185018370344e-02
1.79920e+00	1.911455303806432e-04
1.80720e+00	1.340513887344542e-03
1.81520e+00	-2.653474119982576e-03
1.82320e+00	-9.674627856773319e-03
1.83120e+00	3.986910548050740e-04
1.83920e+00	9.853586901888707e-03
1.84720e+00	3.471349727124089e-03
1.85520e+00	-5.655854566286057e-04
1.86320e+00	4.621847520927738e-03
1.87120e+00	-3.488211314640432e-03
1.87920e+00	1.021933397527280e-02
1.88720e+00	-6.792137714031559e-03
1.89520e+00	5.016212651284154e-03
1.90320e+00	3.792303575938071e-03
1.91120e+00	-3.386134893649245e-03
1.91920e+00	5.314292509811050e-03
1.92720e+00	7.537808543702254e-03
1.93520e+00	-1.223493757759336e-03
1.94320e+00	2.832973957507624e-03
1.95120e+00	5.594934769413700e-03
1.95920e+00	-2.327954463485501e-03
1.96720e+00	3.243965988258459e-03
1.97520e+00	-3.213744678215063e-04
1.98320e+00	-4.577238318577723e-04
1.99120e+00	9.768665640166523e-03
1.99920e+00	7.275136929890166e-03
2.00720e+00	3.209954092734642e-03
2.01520e+00	5.894060152124302e-03
2.02320e+00	4.735273119700931e-03
2.03120e+00	1.317352614537959e-02
2.03920e+00	5.165030962759505e-03
2.04720e+00	-5.487128104083710e-04
2.05520e+00	3.671522717493391e-03
2.06320e+00	7.861268953151659e-03
2.07120e+00	1.008269747167214e-02
2.07920e+00	3.003111215478309e-03
2.08720e+00	4.767981096957201e-03
2.09520e+00	6.465209252281855e-03
2.10320e+00	2.143729402389355e-03
2.11120e+00	7.510298103461315e-03
2.11920e+00	8.017973971225027e-03
2.12720e+00	1.011055469846501e-02
2.13520e+00	8.626755534417784e-03
2.14320e+00	8.097634374471632e-03
2.15120e+00	1.257328111364601e-02
2.15920e+00	4.828413637160522e-03
2.16720e+00	1.115926160545281e-02
2.17520e+00	9.551745410118755e-03
2.18320e+00	5.727708587837380e-03
