# Filename: 04102019_Aer_EcAW_15N_2H_150K_4PDeer_4500ns.DSC.txt
# Bckg_type: strexp_fixed_0.9_1
# FirstColumn: Time[us]
# SecondColumn: BckgSubtractedData
8.00000e-04	2.521996573947915e-02
8.80000e-03	2.086964150502143e-02
1.68000e-02	2.640426934961940e-02
2.48000e-02	2.041253120971840e-02
3.28000e-02	2.349939142579350e-02
4.08000e-02	2.188732758115382e-02
4.88000e-02	1.842528171804304e-02
5.68000e-02	1.864691901593693e-02
6.48000e-02	1.913276137991611e-02
7.28000e-02	2.055525420101077e-02
8.08000e-02	2.528707423951052e-02
8.88000e-02	1.973369868052997e-02
9.68000e-02	1.558663850410361e-02
1.04800e-01	2.611958171845729e-02
1.12800e-01	1.296562410922216e-02
1.20800e-01	2.030428009905158e-02
1.28800e-01	1.473810489614967e-02
1.36800e-01	1.068402494867695e-02
1.44800e-01	1.702237597571706e-02
1.52800e-01	1.434681698001918e-02
1.60800e-01	7.641493895494932e-03
1.68800e-01	1.454874476771176e-02
1.76800e-01	1.113879301180387e-02
1.84800e-01	1.278852537713261e-02
1.92800e-01	5.336847204232222e-03
2.00800e-01	3.917231691403659e-03
2.08800e-01	1.118303822675648e-02
2.16800e-01	9.761044387725469e-05
2.24800e-01	1.113483138638911e-02
2.32800e-01	7.889889155527649e-03
2.40800e-01	4.594682947796531e-03
2.48800e-01	8.649762104364809e-03
2.56800e-01	8.102078831398837e-03
2.64800e-01	5.365338812087939e-03
2.72800e-01	6.334546976189611e-03
2.80800e-01	2.636136739077844e-03
2.88800e-01	6.348136816248167e-03
2.96800e-01	6.738874876416392e-03
3.04800e-01	-3.333867823709180e-04
3.12800e-01	-1.563986599746700e-04
3.20800e-01	2.505836069044920e-03
3.28800e-01	5.460847555553719e-03
3.36800e-01	-6.334909900861070e-04
3.44800e-01	-3.371257848840921e-03
3.52800e-01	5.232349146804839e-03
3.60800e-01	2.798653105928275e-03
3.68800e-01	3.814951508852726e-03
3.76800e-01	7.746705647834747e-03
3.84800e-01	7.807727265959340e-03
3.92800e-01	2.023022053481465e-04
4.00800e-01	-1.326018778591108e-03
4.08800e-01	-1.121427746478019e-03
4.16800e-01	-3.896108899183808e-03
4.24800e-01	1.391760009056773e-03
4.32800e-01	-8.295151995062240e-03
4.40800e-01	-2.150733288476346e-03
4.48800e-01	-5.465378009995092e-04
4.56800e-01	-6.319577779880872e-03
4.64800e-01	-6.632355409092692e-03
4.72800e-01	-3.999214717865201e-03
4.80800e-01	-9.287839742897040e-03
4.88800e-01	-7.464677978477724e-03
4.96800e-01	-3.271766398751967e-03
5.04800e-01	-6.334228952388232e-03
5.12800e-01	-5.699159848913955e-03
5.20800e-01	-4.851993923986491e-03
5.28800e-01	-9.889281335977135e-03
5.36800e-01	-3.036769462557735e-04
5.44800e-01	-4.609465609884351e-03
5.52800e-01	-8.773066832198813e-04
5.60800e-01	-4.569354755335737e-03
5.68800e-01	-9.875216255690423e-03
5.76800e-01	-6.320176929937760e-03
5.84800e-01	-8.061963022797467e-03
5.92800e-01	-8.235708205934306e-03
6.00800e-01	-1.131193453236261e-02
6.08800e-01	-3.055076067863995e-03
6.16800e-01	-8.256744462218734e-03
6.24800e-01	-7.087277975346343e-03
6.32800e-01	-1.035907583920107e-02
6.40800e-01	-8.739391775489384e-03
6.48800e-01	-9.684553791446006e-03
6.56800e-01	-7.435191611150952e-03
6.64800e-01	-8.102099713265320e-03
6.72800e-01	-9.403063436553536e-03
6.80800e-01	-1.270832318118943e-02
6.88800e-01	-6.870201675986208e-03
6.96800e-01	-6.078245323825947e-03
7.04800e-01	-7.835057532272521e-03
7.12800e-01	-1.242325604116967e-02
7.20800e-01	-7.263918439404305e-03
7.28800e-01	-2.634035639027837e-03
7.36800e-01	-8.808922874728103e-03
7.44800e-01	-2.817942445691578e-03
7.52800e-01	-7.653164136066955e-03
7.60800e-01	-8.577130531164885e-03
7.68800e-01	-5.077614546130715e-03
7.76800e-01	-1.018176552890332e-02
7.84800e-01	-8.222468995764648e-04
7.92800e-01	-5.523671148347770e-03
8.00800e-01	-2.222448928556170e-03
8.08800e-01	-1.529844487645118e-02
8.16800e-01	-9.773768724252088e-04
8.24800e-01	-1.700021056129332e-05
8.32800e-01	-8.114499145866620e-03
8.40800e-01	-8.786766202626157e-03
8.48800e-01	-1.218349580948163e-02
8.56800e-01	-6.296852047613513e-03
8.64800e-01	-1.265348571940303e-02
8.72800e-01	-9.420212805295234e-03
8.80800e-01	-5.631874997192846e-03
8.88800e-01	-9.307208322359154e-03
8.96800e-01	-1.025404377709638e-02
9.04800e-01	-7.140983104255006e-03
9.12800e-01	-1.009924534894660e-02
9.20800e-01	-4.495298924684901e-03
9.28800e-01	-1.011664261489873e-02
9.36800e-01	-1.288034361806293e-02
9.44800e-01	-6.862891440215291e-03
9.52800e-01	-1.439769537102548e-02
9.60800e-01	-7.064608043841085e-03
9.68800e-01	-1.214454951952103e-02
9.76800e-01	-9.831895402126534e-03
9.84800e-01	-9.366612412388836e-03
9.92800e-01	-9.163416277050652e-03
1.00080e+00	-8.511116798939585e-03
1.00880e+00	-1.419238325658906e-02
1.01680e+00	-7.738946635703590e-03
1.02480e+00	-8.722555003763123e-03
1.03280e+00	-7.050283868101574e-03
1.04080e+00	-1.041747026038517e-02
1.04880e+00	-6.061818964787442e-03
1.05680e+00	-1.334780765917895e-02
1.06480e+00	-5.779292575654199e-03
1.07280e+00	-9.751275904849447e-03
1.08080e+00	-4.776689038372255e-03
1.08880e+00	-8.450294505528961e-03
1.09680e+00	-8.359824643038439e-03
1.10480e+00	-4.207436908399352e-05
1.11280e+00	-1.399729177710385e-03
1.12080e+00	-1.005324726772341e-02
1.12880e+00	-6.757125783696505e-03
1.13680e+00	-3.503675797302853e-03
1.14480e+00	1.318303034600651e-03
1.15280e+00	-6.164404610516991e-03
1.16080e+00	-8.605259572868555e-03
1.16880e+00	-8.874846559336437e-03
1.17680e+00	-6.137979916337280e-03
1.18480e+00	3.526456970980374e-03
1.19280e+00	-1.054299151935339e-03
1.20080e+00	9.590032050051437e-04
1.20880e+00	-1.171074080531295e-03
1.21680e+00	-1.467889750484202e-03
1.22480e+00	-4.376491741645726e-03
1.23280e+00	-7.089345291281348e-03
1.24080e+00	-5.391434843367320e-03
1.24880e+00	-1.558019786711334e-03
1.25680e+00	-9.256745461405312e-03
1.26480e+00	-5.363211587683804e-03
1.27280e+00	-3.716587187565174e-03
1.28080e+00	-4.327211972654823e-03
1.28880e+00	-7.813351845983410e-03
1.29680e+00	1.697932195839842e-03
1.30480e+00	-8.307312155853919e-03
1.31280e+00	-1.740554185234949e-03
1.32080e+00	-7.297988155458322e-03
1.32880e+00	-2.310663157376119e-03
1.33680e+00	-4.107918303954702e-03
1.34480e+00	-3.479113120725866e-03
1.35280e+00	-1.013689337174498e-02
1.36080e+00	-6.695133665067953e-03
1.36880e+00	-8.461549139556931e-03
1.37680e+00	-4.058865703777500e-03
1.38480e+00	-6.761675725458563e-03
1.39280e+00	-7.927178244303387e-03
1.40080e+00	-7.767589375553869e-03
1.40880e+00	-4.721351357761356e-03
1.41680e+00	5.013457644907126e-04
1.42480e+00	-4.962826868658203e-03
1.43280e+00	-8.147780470455682e-03
1.44080e+00	-9.178452520049413e-03
1.44880e+00	8.444556625168060e-04
1.45680e+00	-3.634270128929060e-04
1.46480e+00	-4.699155906157692e-03
1.47280e+00	-2.934141504463738e-03
1.48080e+00	-6.170985257753341e-03
1.48880e+00	3.836929601185455e-04
1.49680e+00	-4.955281724024172e-03
1.50480e+00	-4.582032309912289e-03
1.51280e+00	-3.415233499858149e-03
1.52080e+00	-8.008136404132823e-03
1.52880e+00	-1.681540955884972e-03
1.53680e+00	1.615223184071252e-03
1.54480e+00	-1.280329881010885e-02
1.55280e+00	-1.912354515554974e-03
1.56080e+00	2.010343219618569e-03
1.56880e+00	-3.034689837161366e-03
1.57680e+00	-4.986931777157936e-03
1.58480e+00	-4.825618819437622e-03
1.59280e+00	-7.740127829843861e-03
1.60080e+00	-5.279197939399735e-03
1.60880e+00	-9.813227739190862e-03
1.61680e+00	-7.480430057031678e-03
1.62480e+00	-1.507862416955614e-04
1.63280e+00	-1.076842402902467e-05
1.64080e+00	2.530735904046262e-04
1.64880e+00	-1.187835967247093e-03
1.65680e+00	-3.389521069744861e-03
1.66480e+00	-1.468768131104749e-03
1.67280e+00	-1.018787599145038e-03
1.68080e+00	-7.720380954549095e-03
1.68880e+00	-3.819727386040907e-03
1.69680e+00	-9.962652207687717e-03
1.70480e+00	-2.527211570830903e-03
1.71280e+00	-2.648612545353657e-03
1.72080e+00	-3.155906023658209e-03
1.72880e+00	6.370362112718583e-04
1.73680e+00	-5.892255838235210e-03
1.74480e+00	-5.659078696654250e-03
1.75280e+00	8.892963156801691e-04
1.76080e+00	-7.660599306150696e-04
1.76880e+00	-8.750345547270300e-03
1.77680e+00	-6.421460203446787e-03
1.78480e+00	8.594201725156829e-04
1.79280e+00	2.587321267641795e-04
1.80080e+00	-5.100949810501933e-03
1.80880e+00	1.475277938219351e-03
1.81680e+00	-5.387945989409671e-03
1.82480e+00	-7.320739445158965e-03
1.83280e+00	-8.008978334287171e-03
1.84080e+00	-5.233331300515195e-03
1.84880e+00	-6.331697376788951e-03
1.85680e+00	-1.210645603089975e-03
1.86480e+00	-3.107242284886467e-03
1.87280e+00	-8.483471688842777e-03
1.88080e+00	-7.570650219548577e-03
1.88880e+00	-9.994524133028308e-04
1.89680e+00	-8.281327216529643e-03
1.90480e+00	-5.386099358793915e-03
1.91280e+00	1.588199281456780e-03
1.92080e+00	-9.022496921349796e-05
1.92880e+00	-8.972938849398369e-03
1.93680e+00	-6.388186382789370e-03
1.94480e+00	2.862521641063757e-03
1.95280e+00	-4.789458638388290e-04
1.96080e+00	-5.033279558573246e-03
1.96880e+00	5.676437828500652e-04
1.97680e+00	-3.513492526691262e-03
1.98480e+00	-4.755049501696279e-03
1.99280e+00	-3.219654188428366e-03
2.00080e+00	-6.492598747330065e-03
2.00880e+00	-6.496354562486977e-03
2.01680e+00	-5.118528440618113e-03
2.02480e+00	-2.316851347557673e-03
2.03280e+00	-6.670404167664968e-03
2.04080e+00	-4.844894517110672e-03
2.04880e+00	-6.756400756215849e-03
2.05680e+00	-6.669050028323305e-03
2.06480e+00	-2.927710952981356e-03
2.07280e+00	-5.075927691801794e-03
2.08080e+00	-5.504869723482511e-03
2.08880e+00	1.271538874827043e-03
2.09680e+00	-1.056873636949361e-02
2.10480e+00	-7.126095215158935e-03
2.11280e+00	-1.109021580335618e-02
2.12080e+00	-1.037445818421525e-02
2.12880e+00	-7.968414135686908e-03
2.13680e+00	-1.939319101512255e-03
2.14480e+00	-9.978560286567533e-03
2.15280e+00	-6.477433475994780e-03
2.16080e+00	-1.266661029038943e-02
2.16880e+00	-4.837138778256921e-04
2.17680e+00	-3.678849990923521e-03
2.18480e+00	-9.171844876968973e-03
2.19280e+00	-1.159611954301831e-02
2.20080e+00	-8.374687669331738e-03
2.20880e+00	-1.193415038775680e-02
2.21680e+00	-6.219087333216562e-03
2.22480e+00	-1.059341258222537e-02
2.23280e+00	-3.994333960316295e-03
2.24080e+00	1.827972672166105e-04
2.24880e+00	-4.222015524580331e-03
2.25680e+00	-9.054978711967542e-03
2.26480e+00	-5.572537867017523e-03
2.27280e+00	-8.017125420265505e-03
2.28080e+00	4.170488582990927e-03
2.28880e+00	-1.858652118744642e-03
2.29680e+00	-4.678708061978848e-03
2.30480e+00	-1.428994052826877e-03
2.31280e+00	-8.163887484319602e-03
2.32080e+00	-4.349195219019401e-03
2.32880e+00	2.265142851801007e-03
2.33680e+00	-9.898332782857589e-04
2.34480e+00	-2.751364932277743e-03
2.35280e+00	-7.344435234934508e-03
2.36080e+00	-1.144925058550164e-02
2.36880e+00	-3.021519310905810e-03
2.37680e+00	-4.917889622721239e-03
2.38480e+00	-8.156393716363935e-04
2.39280e+00	-5.817199730885036e-03
2.40080e+00	4.150728637063200e-04
2.40880e+00	-3.735577431842645e-03
2.41680e+00	2.939869219505960e-03
2.42480e+00	-1.162445490660453e-03
2.43280e+00	-1.036879869686287e-02
2.44080e+00	-3.427028407727815e-03
2.44880e+00	1.184269490178913e-04
2.45680e+00	-7.236492878047368e-04
2.46480e+00	1.258605174658370e-03
2.47280e+00	-1.435588574020441e-02
2.48080e+00	-1.078686165949045e-02
2.48880e+00	-5.893953774384226e-03
2.49680e+00	-2.151926717635460e-03
2.50480e+00	-1.422982342529168e-03
2.51280e+00	6.366101309703209e-04
2.52080e+00	-7.732914573333669e-03
2.52880e+00	-3.683498828695148e-03
2.53680e+00	2.168435636443662e-03
2.54480e+00	2.686759808677110e-03
2.55280e+00	-3.873130853443748e-03
2.56080e+00	-1.178760437579021e-02
2.56880e+00	-4.308453876048060e-03
2.57680e+00	2.947008339101352e-03
2.58480e+00	3.383364405946688e-03
2.59280e+00	-3.400669560608611e-03
2.60080e+00	-5.038425331106270e-03
2.60880e+00	-1.096655130815382e-04
2.61680e+00	7.336234976024218e-03
2.62480e+00	-2.073060942130031e-03
2.63280e+00	-2.891212103097841e-03
2.64080e+00	3.990220508166883e-03
2.64880e+00	-1.420141507331890e-04
2.65680e+00	4.461146640676663e-03
2.66480e+00	-6.107952325303930e-03
2.67280e+00	8.772000509942958e-04
2.68080e+00	-1.444739459645994e-03
2.68880e+00	-6.960589558938808e-03
2.69680e+00	-3.330563774248489e-03
2.70480e+00	6.148873010313203e-03
2.71280e+00	6.245593160601153e-04
2.72080e+00	-6.629526727868239e-03
2.72880e+00	-9.754249273100519e-04
2.73680e+00	-3.946089889013785e-03
2.74480e+00	-9.476859761635002e-04
2.75280e+00	-1.637460022580610e-03
2.76080e+00	1.093541672418829e-03
2.76880e+00	6.472432884296697e-04
2.77680e+00	2.609143730897855e-03
2.78480e+00	2.539382536099114e-03
2.79280e+00	2.644022689614902e-04
2.80080e+00	4.128277355645711e-04
2.80880e+00	6.198788605652515e-03
2.81680e+00	-3.955119314238236e-03
2.82480e+00	-9.795014527834063e-04
2.83280e+00	-3.006065997667551e-03
2.84080e+00	-1.083413377214961e-04
2.84880e+00	2.873867626230995e-03
2.85680e+00	-4.179108821838364e-03
2.86480e+00	1.908817695034422e-03
2.87280e+00	1.757467417437913e-03
2.88080e+00	-8.356981225890581e-04
2.88880e+00	-4.979367166031209e-03
2.89680e+00	2.296250152988076e-03
2.90480e+00	7.253363790267536e-03
2.91280e+00	1.651833480432236e-04
2.92080e+00	-6.350881465104754e-03
2.92880e+00	-5.702679074073919e-05
2.93680e+00	-1.515409180535285e-04
2.94480e+00	4.945950544616981e-03
2.95280e+00	2.046374431942540e-03
2.96080e+00	3.373375053583482e-03
2.96880e+00	-1.711938482426547e-03
2.97680e+00	1.564447298048534e-03
2.98480e+00	-1.603940541206834e-03
2.99280e+00	-2.852519776306434e-03
3.00080e+00	4.870676966707045e-03
3.00880e+00	2.991013517806221e-03
3.01680e+00	-6.015157464772152e-04
3.02480e+00	4.374040560446113e-03
3.03280e+00	5.868172214264359e-03
3.04080e+00	8.959081003824297e-03
3.04880e+00	4.289445724703444e-03
3.05680e+00	1.579403031313836e-03
3.06480e+00	4.276642766445874e-04
3.07280e+00	-2.815156206165956e-04
3.08080e+00	4.948711896473927e-03
3.08880e+00	-2.911811049278409e-03
3.09680e+00	-1.879212961538809e-03
3.10480e+00	-3.521582697657687e-03
3.11280e+00	-1.657519403241605e-03
3.12080e+00	3.185248788706639e-03
3.12880e+00	1.447503366358673e-03
3.13680e+00	7.237167110014021e-03
3.14480e+00	1.072367059877454e-03
3.15280e+00	-1.549121038766644e-03
3.16080e+00	2.839509593461847e-03
3.16880e+00	4.430423043508608e-03
3.17680e+00	2.909726459789275e-03
3.18480e+00	4.687851572457964e-03
3.19280e+00	-1.135129490180231e-03
3.20080e+00	-1.910911268080531e-03
3.20880e+00	3.914876753485681e-03
3.21680e+00	4.961792094799971e-03
3.22480e+00	4.540923802855036e-04
3.23280e+00	1.962696960976138e-03
3.24080e+00	5.034893706556983e-03
3.24880e+00	2.832260292798049e-03
3.25680e+00	7.341977583041566e-03
3.26480e+00	2.134299663994535e-03
3.27280e+00	5.736592535880441e-03
3.28080e+00	1.090884695484440e-04
3.28880e+00	3.943758078309403e-03
3.29680e+00	3.815832511531038e-03
3.30480e+00	-4.738773303924760e-03
3.31280e+00	-5.454733128363853e-03
3.32080e+00	2.210888661165151e-03
3.32880e+00	5.804682655938660e-03
3.33680e+00	2.508648017646990e-03
3.34480e+00	6.740263248101641e-03
3.35280e+00	-7.755468664842899e-03
3.36080e+00	-2.890783857889926e-03
3.36880e+00	-1.633069924186576e-03
3.37680e+00	-9.750899504276528e-04
3.38480e+00	2.659876007843777e-03
3.39280e+00	5.199633774902035e-04
3.40080e+00	-1.281177135693667e-03
3.40880e+00	5.951100234675009e-03
3.41680e+00	8.539563956340290e-03
3.42480e+00	4.699585029912854e-03
3.43280e+00	-1.228518824320947e-03
3.44080e+00	1.391568283251479e-03
3.44880e+00	9.356311071815669e-03
3.45680e+00	2.814550323501594e-03
3.46480e+00	5.292485483702408e-03
3.47280e+00	1.278229099562474e-03
3.48080e+00	1.460033188504919e-02
3.48880e+00	-1.954958063142122e-03
3.49680e+00	5.771525587231671e-03
3.50480e+00	7.274703737059223e-03
3.51280e+00	1.446236191974039e-03
3.52080e+00	2.440365629597477e-03
3.52880e+00	-1.445860785178224e-03
3.53680e+00	1.110543505413624e-02
3.54480e+00	1.024813521922715e-02
3.55280e+00	1.418057434453106e-03
3.56080e+00	6.705086643670772e-03
3.56880e+00	3.927440395795924e-03
3.57680e+00	7.290498653559224e-03
3.58480e+00	6.698195472373865e-03
3.59280e+00	-6.730998822491528e-04
3.60080e+00	4.064626810317090e-04
3.60880e+00	1.485448563973093e-03
3.61680e+00	7.189419348977299e-03
3.62480e+00	3.096708077616868e-03
3.63280e+00	1.137128041392275e-02
3.64080e+00	-1.794683005843034e-03
3.64880e+00	5.167724623736856e-03
3.65680e+00	2.547657995110613e-03
3.66480e+00	9.397739992669303e-03
3.67280e+00	5.526770762367645e-03
3.68080e+00	8.602444461374033e-03
3.68880e+00	6.292656495296166e-03
3.69680e+00	3.700579465222753e-03
3.70480e+00	5.173039190789189e-03
3.71280e+00	8.582993841198013e-03
3.72080e+00	-3.872309104002905e-03
3.72880e+00	2.607862028543805e-03
3.73680e+00	1.167785756839983e-02
3.74480e+00	5.330501285786571e-03
3.75280e+00	5.638709693258716e-03
3.76080e+00	4.880104376937199e-03
3.76880e+00	1.336535878301824e-02
3.77680e+00	5.839803369791683e-03
3.78480e+00	8.102811073436089e-03
3.79280e+00	1.568176058349520e-02
3.80080e+00	8.980734385986223e-03
3.80880e+00	8.102259180362736e-03
3.81680e+00	3.496456414104473e-03
3.82480e+00	7.769443463705735e-03
3.83280e+00	5.539300777547190e-03
3.84080e+00	3.104479405371433e-03
3.84880e+00	6.409622998292242e-03
3.85680e+00	2.788536840640574e-03
3.86480e+00	4.548834046880547e-03
3.87280e+00	5.847313331661816e-03
3.88080e+00	8.228362399583244e-03
3.88880e+00	7.882559947408116e-03
3.89680e+00	3.333256290950516e-03
3.90480e+00	6.479822542126971e-03
3.91280e+00	7.929542582447146e-03
3.92080e+00	7.206332514831017e-03
3.92880e+00	5.852718225556759e-03
3.93680e+00	8.685462576401407e-03
3.94480e+00	6.322828169966669e-03
3.95280e+00	1.018468271913114e-02
3.96080e+00	4.501437992500821e-03
3.96880e+00	6.581363650789755e-03
3.97680e+00	8.945472412107061e-03
3.98480e+00	1.397826307404598e-02
