# Filename: 112118_AerInvivoBL21_4Pdeer2500ns_150K.DSC.txt
# Bckg_type: strexp_fixed_0.9_1
# FirstColumn: Time[us]
# SecondColumn: BckgSubtractedData
8.00000e-04	1.328379467138303e-02
8.80000e-03	1.516910046905497e-02
1.68000e-02	1.370693138475233e-02
2.48000e-02	1.680419173380449e-02
3.28000e-02	1.411680315504789e-02
4.08000e-02	8.809860296984755e-03
4.88000e-02	1.361880621514644e-02
5.68000e-02	1.575398252057106e-02
6.48000e-02	1.386810202191678e-02
7.28000e-02	1.264641527159203e-02
8.08000e-02	1.337257443636684e-02
8.88000e-02	1.697889032869830e-02
9.68000e-02	1.406483364753961e-02
1.04800e-01	1.893107085365914e-02
1.12800e-01	1.421854258727526e-02
1.20800e-01	1.132454956834577e-02
1.28800e-01	1.710613275747164e-02
1.36800e-01	1.987856224729899e-02
1.44800e-01	1.492389432967512e-02
1.52800e-01	1.018003204837633e-02
1.60800e-01	1.985879643531625e-02
1.68800e-01	1.762676549632902e-02
1.76800e-01	1.470515013194661e-02
1.84800e-01	1.342196618223431e-02
1.92800e-01	1.387214422583582e-02
2.00800e-01	9.162329152969688e-03
2.08800e-01	1.191538654428420e-02
2.16800e-01	1.202651144126891e-02
2.24800e-01	1.033687882490891e-02
2.32800e-01	6.981636601218028e-03
2.40800e-01	8.745936137245922e-03
2.48800e-01	1.022229317244070e-02
2.56800e-01	9.157468990462898e-03
2.64800e-01	8.504118849272392e-03
2.72800e-01	7.649859973115784e-03
2.80800e-01	5.003109562571914e-03
2.88800e-01	6.558448968556579e-03
2.96800e-01	9.228262703481470e-03
3.04800e-01	3.072717268910685e-03
3.12800e-01	6.857396309770798e-03
3.20800e-01	4.574421029493238e-03
3.28800e-01	-9.216230432550221e-04
3.36800e-01	4.025418672615755e-03
3.44800e-01	-1.134617900273888e-03
3.52800e-01	-2.223420129359374e-03
3.60800e-01	2.205874110983880e-03
3.68800e-01	-4.185753524779296e-03
3.76800e-01	-9.564569716778913e-04
3.84800e-01	-5.523646827248545e-03
3.92800e-01	-2.460820340038220e-03
4.00800e-01	-4.470835690011647e-03
4.08800e-01	-1.773781382935293e-03
4.16800e-01	1.457668938956187e-03
4.24800e-01	-4.252207568401741e-05
4.32800e-01	-5.088889443779594e-04
4.40800e-01	-8.961375304881622e-03
4.48800e-01	-5.778939861599051e-03
4.56800e-01	-3.558778835353437e-03
4.64800e-01	-1.102741885126963e-02
4.72800e-01	-3.479477601349288e-03
4.80800e-01	-1.016898708295943e-02
4.88800e-01	-6.987771242882244e-03
4.96800e-01	8.865929117838050e-04
5.04800e-01	-4.470487111848749e-03
5.12800e-01	-8.159558166564138e-03
5.20800e-01	-1.274712785683116e-02
5.28800e-01	-4.334981324142188e-03
5.36800e-01	-1.232080699288640e-02
5.44800e-01	-9.628239997287251e-03
5.52800e-01	-1.043048424851485e-02
5.60800e-01	-1.151911650211389e-02
5.68800e-01	-9.568324354779480e-03
5.76800e-01	-1.079448818880072e-02
5.84800e-01	-1.641866294617323e-02
5.92800e-01	-7.390643947951337e-03
6.00800e-01	-1.916420867997506e-02
6.08800e-01	-1.535092972064132e-02
6.16800e-01	-1.138710852153281e-02
6.24800e-01	-1.318642413457895e-02
6.32800e-01	-1.005790928303633e-02
6.40800e-01	-1.137488340836542e-02
6.48800e-01	-9.601708489150021e-03
6.56800e-01	-1.550762223033098e-02
6.64800e-01	-1.144754248004757e-02
6.72800e-01	-1.489281128465120e-02
6.80800e-01	-9.872236044994804e-03
6.88800e-01	-1.871862794324755e-02
6.96800e-01	-1.033681888276558e-02
7.04800e-01	-1.518042226487240e-02
7.12800e-01	-1.608706724516743e-02
7.20800e-01	-1.070451834290595e-02
7.28800e-01	-1.308198150680629e-02
7.36800e-01	-7.973031554284568e-03
7.44800e-01	-1.493844934716172e-02
7.52800e-01	-1.771903314745100e-02
7.60800e-01	-1.798103532224882e-02
7.68800e-01	-1.301611106500175e-02
7.76800e-01	-1.669501590121566e-02
7.84800e-01	-1.561540463541855e-02
7.92800e-01	-1.458006642194455e-02
8.00800e-01	-1.296904464544944e-02
8.08800e-01	-1.489883655624812e-02
8.16800e-01	-1.777844662410401e-02
8.24800e-01	-1.424780776845103e-02
8.32800e-01	-1.586167314024125e-02
8.40800e-01	-1.286778800142717e-02
8.48800e-01	-1.925278574213079e-02
8.56800e-01	-1.109717720165123e-02
8.64800e-01	-1.343398064965466e-02
8.72800e-01	-1.714813664537529e-02
8.80800e-01	-2.350608503380344e-02
8.88800e-01	-1.662264657409109e-02
8.96800e-01	-7.317569033620721e-03
9.04800e-01	-1.210530367676701e-02
9.12800e-01	-1.083116472144434e-02
9.20800e-01	-1.367150420741292e-02
9.28800e-01	-1.427730738288307e-02
9.36800e-01	-9.650779368823404e-03
9.44800e-01	-1.221726169509071e-02
9.52800e-01	-9.211947761008117e-03
9.60800e-01	-1.033221764037849e-02
9.68800e-01	-1.355374519006754e-02
9.76800e-01	-1.129840395624452e-02
9.84800e-01	-9.668316504999531e-03
9.92800e-01	-8.824839235448205e-03
1.00080e+00	-7.455595048541429e-03
1.00880e+00	-1.070052662228488e-02
1.01680e+00	-1.032372518130840e-02
1.02480e+00	-1.291592249262638e-02
1.03280e+00	-1.124640660542982e-02
1.04080e+00	-7.160463959518097e-03
1.04880e+00	-1.135793227082059e-02
1.05680e+00	-7.716405569633256e-03
1.06480e+00	-7.330022604591802e-03
1.07280e+00	-9.631678834226571e-03
1.08080e+00	-1.247715470386485e-02
1.08880e+00	-1.124188970979280e-02
1.09680e+00	-7.330892662795943e-03
1.10480e+00	-7.776315434536503e-03
1.11280e+00	-1.162668663305761e-02
1.12080e+00	-5.910116029293034e-03
1.12880e+00	-9.814025813971203e-03
1.13680e+00	-9.836718546256971e-03
1.14480e+00	-8.097975183575190e-03
1.15280e+00	-6.384560909513407e-03
1.16080e+00	-7.858425172067156e-03
1.16880e+00	-7.497875583919543e-04
1.17680e+00	-5.595948718636589e-03
1.18480e+00	-1.005440924415106e-02
1.19280e+00	-3.525321747418332e-03
1.20080e+00	-5.038314555683413e-03
1.20880e+00	-3.910294806410723e-03
1.21680e+00	-6.199271168594584e-03
1.22480e+00	-6.634593892428214e-04
1.23280e+00	-2.399857367451010e-03
1.24080e+00	-4.724537417544527e-03
1.24880e+00	-1.441348774440721e-03
1.25680e+00	-6.499317024187804e-03
1.26480e+00	-2.985933894003311e-03
1.27280e+00	4.026339968520184e-04
1.28080e+00	-4.117882197831419e-03
1.28880e+00	-3.736844612869430e-03
1.29680e+00	-4.364296611086005e-03
1.30480e+00	-4.900499182184854e-03
1.31280e+00	-4.210552751475569e-03
1.32080e+00	-6.254229754794591e-03
1.32880e+00	-4.198639034388106e-03
1.33680e+00	1.453095066640952e-03
1.34480e+00	-3.414443525220827e-03
1.35280e+00	-5.264114971674901e-04
1.36080e+00	-2.534908809165294e-03
1.36880e+00	-2.778437775468491e-04
1.37680e+00	1.458456260223642e-04
1.38480e+00	3.816408373110142e-03
1.39280e+00	1.580003551310288e-03
1.40080e+00	3.482149593417479e-03
1.40880e+00	-3.465035466026513e-03
1.41680e+00	-4.851940056215122e-03
1.42480e+00	-2.771456808737333e-03
1.43280e+00	-7.771822082032517e-04
1.44080e+00	-1.574229634085940e-03
1.44880e+00	7.373010007932015e-04
1.45680e+00	1.075899779809297e-03
1.46480e+00	-4.473923734093992e-03
1.47280e+00	5.320243070076600e-03
1.48080e+00	5.420747604004879e-04
1.48880e+00	4.666132174160747e-03
1.49680e+00	5.201328975367987e-03
1.50480e+00	8.555237648441166e-04
1.51280e+00	3.404657233843033e-03
1.52080e+00	4.931869043593036e-03
1.52880e+00	4.344723111701894e-03
1.53680e+00	3.305471845175479e-03
1.54480e+00	1.356333051824764e-03
1.55280e+00	-1.419178533798306e-05
1.56080e+00	-9.918641980635929e-04
1.56880e+00	-3.839294404302141e-04
1.57680e+00	2.236637561470663e-03
1.58480e+00	1.951268822346140e-03
1.59280e+00	5.329376874200750e-03
1.60080e+00	-4.525855608951474e-04
1.60880e+00	2.927059193344086e-03
1.61680e+00	7.699729062373759e-03
1.62480e+00	2.732179831410713e-03
1.63280e+00	6.766012913795826e-04
1.64080e+00	3.218444625643496e-03
1.64880e+00	6.400630048922195e-03
1.65680e+00	7.418125899526736e-03
1.66480e+00	5.046893725154301e-03
1.67280e+00	4.233892796865479e-03
1.68080e+00	4.535084773396043e-03
1.68880e+00	4.911950767721536e-03
1.69680e+00	5.344437581658717e-03
1.70480e+00	4.440159805605976e-03
1.71280e+00	5.568380254026243e-03
1.72080e+00	5.285015001133135e-03
1.72880e+00	1.891626316473032e-03
1.73680e+00	6.677877305613483e-03
1.74480e+00	-3.602327908459598e-03
1.75280e+00	4.042592145784432e-03
1.76080e+00	6.429940064342078e-03
1.76880e+00	5.374601349486070e-03
1.77680e+00	3.693075413379164e-03
1.78480e+00	6.926304125645410e-03
1.79280e+00	1.993074870679690e-03
1.80080e+00	5.995951330502581e-03
1.80880e+00	5.620391021558595e-03
1.81680e+00	8.143607250940491e-03
1.82480e+00	8.580021287401840e-03
1.83280e+00	4.785343516184471e-03
1.84080e+00	7.561095873338602e-03
1.84880e+00	5.757775098970262e-03
1.85680e+00	4.885411774305557e-03
1.86480e+00	7.941520268569521e-03
1.87280e+00	9.488094411954315e-03
1.88080e+00	1.042303797852675e-02
1.88880e+00	-6.109005059465798e-04
1.89680e+00	1.187012110666169e-03
1.90480e+00	3.096219401447823e-03
1.91280e+00	7.092269762216301e-03
1.92080e+00	4.480862302414882e-03
1.92880e+00	4.644930646538880e-03
1.93680e+00	2.661721047387695e-03
1.94480e+00	4.140895686809038e-03
1.95280e+00	1.219624453518586e-03
1.96080e+00	6.086799006845431e-03
1.96880e+00	6.782408658483004e-03
1.97680e+00	1.114057739464382e-02
1.98480e+00	8.445473165474658e-03
1.99280e+00	3.122518626697127e-03
2.00080e+00	3.933764107865506e-03
2.00880e+00	6.879781028247228e-03
2.01680e+00	3.328529885295451e-03
2.02480e+00	1.018848702062578e-02
2.03280e+00	1.413040335021643e-02
2.04080e+00	6.740383481286953e-03
2.04880e+00	4.220510841502690e-03
2.05680e+00	6.259581088909383e-03
2.06480e+00	8.293788833911225e-03
2.07280e+00	9.887365452115491e-03
2.08080e+00	4.979937494588445e-03
2.08880e+00	9.228121970777504e-03
2.09680e+00	7.109093341993195e-03
2.10480e+00	5.267642160667056e-03
2.11280e+00	9.158532117570109e-03
2.12080e+00	7.175328961764513e-03
2.12880e+00	1.175179793669405e-02
2.13680e+00	9.101409420828379e-03
2.14480e+00	8.041489374051226e-03
2.15280e+00	6.072578340001488e-03
2.16080e+00	6.115674215583260e-03
2.16880e+00	1.086317940745381e-02
2.17680e+00	1.608040933400700e-02
