# Filename: 022421_Aer_AW_15N2H_BL21_150K_DEER_5000ns_LF60.DSC_db6_symmetric_denoised.txt
# Bckg_type: poly2_0.9_0.75
# FirstColumn: Time[us]
# SecondColumn: BckgSubtractedData
-6.40000e-03	2.618657390207441e-02
9.60000e-03	2.620776777178555e-02
2.56000e-02	2.600485609586818e-02
4.16000e-02	2.557214893527551e-02
5.76000e-02	2.490567460970009e-02
7.36000e-02	2.405962943654172e-02
8.96000e-02	2.309255749322756e-02
1.05600e-01	2.200436642441096e-02
1.21600e-01	2.081506027116625e-02
1.37600e-01	1.957953339400273e-02
1.53600e-01	1.833234750714129e-02
1.69600e-01	1.713490825461461e-02
1.85600e-01	1.602916145852767e-02
2.01600e-01	1.500796253833102e-02
2.17600e-01	1.406428406366259e-02
2.33600e-01	1.319527188351901e-02
2.49600e-01	1.239601202018253e-02
2.65600e-01	1.166083779907869e-02
2.81600e-01	1.098568686819813e-02
2.97600e-01	1.036135623902626e-02
3.13600e-01	9.781659023361809e-03
3.29600e-01	9.245296062346756e-03
3.45600e-01	8.749207412010261e-03
3.61600e-01	8.294078227216381e-03
3.77600e-01	7.880337040981880e-03
3.93600e-01	7.501354932775695e-03
4.09600e-01	7.151807605007885e-03
4.25600e-01	6.831433582801849e-03
4.41600e-01	6.536314363162055e-03
4.57600e-01	6.265401080376689e-03
4.73600e-01	6.020428452042184e-03
4.89600e-01	5.789629701356588e-03
5.05600e-01	5.566723745985688e-03
5.21600e-01	5.357192424480232e-03
5.37600e-01	5.162206029090085e-03
5.53600e-01	4.987601647129099e-03
5.69600e-01	4.837705667447247e-03
5.85600e-01	4.704634783336580e-03
6.01600e-01	4.580482003884490e-03
6.17600e-01	4.466081904541328e-03
6.33600e-01	4.358570810439308e-03
6.49600e-01	4.252175762817281e-03
6.65600e-01	4.144175838933212e-03
6.81600e-01	4.024063629973539e-03
6.97600e-01	3.886564181991153e-03
7.13600e-01	3.734379367938785e-03
7.29600e-01	3.568436129393675e-03
7.45600e-01	3.395228224603340e-03
7.61600e-01	3.219466652012862e-03
7.77600e-01	3.038914551775775e-03
7.93600e-01	2.853049276456231e-03
8.09600e-01	2.662507408263827e-03
8.25600e-01	2.466470923813749e-03
8.41600e-01	2.268654036901779e-03
8.57600e-01	2.074196117395854e-03
8.73600e-01	1.879104682887783e-03
8.89600e-01	1.682691455986971e-03
9.05600e-01	1.491475635705579e-03
9.21600e-01	1.308739423751482e-03
9.37600e-01	1.140923279418915e-03
9.53600e-01	9.932371264560905e-04
9.69600e-01	8.619337497474752e-04
9.85600e-01	7.433786527218763e-04
1.00160e+00	6.397550907458127e-04
1.01760e+00	5.497444613150643e-04
1.03360e+00	4.714790495887253e-04
1.04960e+00	4.050674973876704e-04
1.06560e+00	3.417150353675398e-04
1.08160e+00	2.777916432889655e-04
1.09760e+00	2.161178479861386e-04
1.11360e+00	1.563231527935203e-04
1.12960e+00	1.062806927799179e-04
1.14560e+00	7.161635711746689e-05
1.16160e+00	4.580582882924594e-05
1.17760e+00	2.526739661794033e-05
1.19360e+00	1.029926686465105e-05
1.20960e+00	-3.365731550384061e-06
1.22560e+00	-1.125958521132762e-05
1.24160e+00	-6.595931759371935e-06
1.25760e+00	-3.364854456145440e-06
1.27360e+00	-5.461311612270886e-06
1.28960e+00	-5.387182800220393e-06
1.30560e+00	-2.517312352756120e-06
1.32160e+00	2.116948550837987e-05
1.33760e+00	7.477291783261027e-05
1.35360e+00	1.465657454124431e-04
1.36960e+00	2.295895462344345e-04
1.38560e+00	3.129326502432265e-04
1.40160e+00	3.852571578988144e-04
1.41760e+00	4.508902462763052e-04
1.43360e+00	5.127722426870582e-04
1.44960e+00	5.596273301593374e-04
1.46560e+00	5.922179631230867e-04
1.48160e+00	6.067239940325124e-04
1.49760e+00	5.935025001595618e-04
1.51360e+00	5.795986198531973e-04
1.52960e+00	5.758527348117676e-04
1.54560e+00	5.669246977903727e-04
1.56160e+00	5.494181855212894e-04
1.57760e+00	4.987488170445839e-04
1.59360e+00	4.000769679572013e-04
1.60960e+00	2.733720113880514e-04
1.62560e+00	1.347105527940547e-04
1.64160e+00	-8.713063932844383e-06
1.65760e+00	-1.441835124322988e-04
1.67360e+00	-2.678733301830805e-04
1.68960e+00	-3.790185988752679e-04
1.70560e+00	-4.542568314529144e-04
1.72160e+00	-4.874667056772739e-04
1.73760e+00	-4.797246643838976e-04
1.75360e+00	-4.248666341850046e-04
1.76960e+00	-3.548546116141302e-04
1.78560e+00	-2.855770400080830e-04
1.80160e+00	-2.018994138863205e-04
1.81760e+00	-1.008191324685608e-04
1.83360e+00	3.714972163391704e-05
1.84960e+00	2.248810602128290e-04
1.86560e+00	4.406809068483152e-04
1.88160e+00	6.642027020029098e-04
1.89760e+00	8.933091767439273e-04
1.91360e+00	1.118024738231994e-03
1.92960e+00	1.326062322105516e-03
1.94560e+00	1.511357766985610e-03
1.96160e+00	1.648174961809933e-03
1.97760e+00	1.725531158245861e-03
1.99360e+00	1.747329584909839e-03
2.00960e+00	1.713066165706332e-03
2.02560e+00	1.644670038660760e-03
2.04160e+00	1.554364278026943e-03
2.05760e+00	1.435987979940157e-03
2.07360e+00	1.290370271695345e-03
2.08960e+00	1.108289463576407e-03
2.10560e+00	8.845317755554713e-04
2.12160e+00	6.339516021772212e-04
2.13760e+00	3.704764464145667e-04
2.15360e+00	9.787675748913545e-05
2.16960e+00	-1.761144041017836e-04
2.18560e+00	-4.425380268482254e-04
2.20160e+00	-6.958711887679013e-04
2.21760e+00	-9.206355001597392e-04
2.23360e+00	-1.109628590887247e-03
2.24960e+00	-1.262962934198378e-03
2.26560e+00	-1.379065388004055e-03
2.28160e+00	-1.469222835555750e-03
2.29760e+00	-1.538449377081440e-03
2.31360e+00	-1.584084598246453e-03
2.32960e+00	-1.607612763443909e-03
2.34560e+00	-1.600344470546705e-03
2.36160e+00	-1.558648303388654e-03
2.37760e+00	-1.491469469462349e-03
2.39360e+00	-1.405095997656868e-03
2.40960e+00	-1.307183324865621e-03
2.42560e+00	-1.205692049416616e-03
2.44160e+00	-1.100399462572567e-03
2.45760e+00	-9.915698905530513e-04
2.47360e+00	-8.871718404709642e-04
2.48960e+00	-7.882635347260795e-04
2.50560e+00	-6.981796167392843e-04
2.52160e+00	-6.230962438952206e-04
2.53760e+00	-5.489294261234763e-04
2.55360e+00	-4.708314924178302e-04
2.56960e+00	-3.971627086888860e-04
2.58560e+00	-3.296338188043393e-04
2.60160e+00	-2.835179388449899e-04
2.61760e+00	-2.674940443310235e-04
2.63360e+00	-2.706276785942576e-04
2.64960e+00	-2.850120512874768e-04
2.66560e+00	-3.044593949862577e-04
2.68160e+00	-3.206661833220020e-04
2.69760e+00	-3.339501031444622e-04
2.71360e+00	-3.452034274234431e-04
2.72960e+00	-3.423343500609398e-04
2.74560e+00	-3.235386173094375e-04
2.76160e+00	-2.879301435470648e-04
2.77760e+00	-2.300041447723251e-04
2.79360e+00	-1.705606493278574e-04
2.80960e+00	-1.190348012156372e-04
2.82560e+00	-6.470026262758923e-05
2.84160e+00	-5.276594233345053e-06
2.85760e+00	7.473749979298324e-05
2.87360e+00	1.851091087724965e-04
2.88960e+00	3.112690856074311e-04
2.90560e+00	4.404719731819942e-04
2.92160e+00	5.695071987558790e-04
2.93760e+00	6.905287850829013e-04
2.95360e+00	7.978887039169130e-04
2.96960e+00	8.891914902540613e-04
2.98560e+00	9.474496913691118e-04
3.00160e+00	9.668335302412815e-04
3.01760e+00	9.491156261797299e-04
3.03360e+00	8.921345895770016e-04
3.04960e+00	8.148193108426440e-04
3.06560e+00	7.269851439332082e-04
3.08160e+00	6.216853621119925e-04
3.09760e+00	4.986684651419194e-04
3.11360e+00	3.476744345909122e-04
3.12960e+00	1.625493222005541e-04
3.14560e+00	-4.353703805263904e-05
3.16160e+00	-2.586099189458383e-04
3.17760e+00	-4.795606915280692e-04
3.19360e+00	-6.993310246722200e-04
3.20960e+00	-9.112631250025461e-04
3.22560e+00	-1.111756422137365e-03
3.24160e+00	-1.285944848446229e-03
3.25760e+00	-1.427631672955295e-03
3.27360e+00	-1.537736874212149e-03
3.28960e+00	-1.614428086062622e-03
3.30560e+00	-1.670826728307445e-03
3.32160e+00	-1.713625568240939e-03
3.33760e+00	-1.737693533924715e-03
3.35360e+00	-1.742676759582224e-03
3.36960e+00	-1.721122310071091e-03
3.38560e+00	-1.668500915398106e-03
3.40160e+00	-1.594060906255677e-03
3.41760e+00	-1.506192005754367e-03
3.43360e+00	-1.406978888483652e-03
3.44960e+00	-1.301413003557013e-03
3.46560e+00	-1.194084470016375e-03
3.48160e+00	-1.087397214505583e-03
3.49760e+00	-9.921274412498541e-04
3.51360e+00	-9.127724980980465e-04
3.52960e+00	-8.485588033889024e-04
3.54560e+00	-8.008881221905550e-04
3.56160e+00	-7.602719970480874e-04
3.57760e+00	-7.217401123975738e-04
3.59360e+00	-6.895336411750126e-04
3.60960e+00	-6.644396571160783e-04
3.62560e+00	-6.514557612082511e-04
3.64160e+00	-6.540361935340445e-04
3.65760e+00	-6.658349312833423e-04
3.67360e+00	-6.806653600270114e-04
3.68960e+00	-6.984625083116078e-04
3.70560e+00	-7.166217237401723e-04
3.72160e+00	-7.309082884607853e-04
3.73760e+00	-7.391989598543706e-04
3.75360e+00	-7.337174824965642e-04
3.76960e+00	-7.107720939342318e-04
3.78560e+00	-6.718887023829751e-04
3.80160e+00	-6.174143011159771e-04
3.81760e+00	-5.528109890827149e-04
3.83360e+00	-4.814726887090706e-04
3.84960e+00	-4.020091250499603e-04
3.86560e+00	-3.145988727491653e-04
3.88160e+00	-2.180322316109711e-04
3.89760e+00	-1.114360834339440e-04
3.91360e+00	1.685492982417064e-06
3.92960e+00	1.176097473413482e-04
3.94560e+00	2.364449260799231e-04
3.96160e+00	3.569597967742055e-04
3.97760e+00	4.758381211663565e-04
3.99360e+00	5.910768079117820e-04
4.00960e+00	6.986987652333139e-04
4.02560e+00	7.962105529423252e-04
4.04160e+00	8.842309702735615e-04
4.05760e+00	9.633180500222946e-04
4.07360e+00	1.034358704660593e-03
4.08960e+00	1.098023063977461e-03
4.10560e+00	1.154798121019893e-03
4.12160e+00	1.205236458857215e-03
4.13760e+00	1.249522416194971e-03
4.15360e+00	1.288050077770103e-03
4.16960e+00	1.321420806194632e-03
4.18560e+00	1.350141211267106e-03
4.20160e+00	1.375046696582439e-03
4.21760e+00	1.396722542587966e-03
4.23360e+00	1.415507169404398e-03
4.24960e+00	1.431879798994426e-03
4.26560e+00	1.445838061829171e-03
4.28160e+00	1.457425959475315e-03
4.29760e+00	1.467382654016089e-03
4.31360e+00	1.476160257515768e-03
4.32960e+00	1.483917842743234e-03
4.34560e+00	1.491272553064627e-03
4.36160e+00	1.497864085116011e-03
4.37760e+00	1.503212059864459e-03
