# Filename: 031519_Aer_EcCheA_EcCheW_BL21_150K_DEER_3200ns.DSC.txt
# Bckg_type: poly2_0.95_0.75
# FirstColumn: Time[us]
# SecondColumn: BckgSubtractedData
-3.20000e-03	6.235464784421956e-02
1.28000e-02	6.413115503015158e-02
2.88000e-02	6.703816750012921e-02
4.48000e-02	5.542069985171098e-02
6.08000e-02	5.658722908639696e-02
7.68000e-02	5.875377872577746e-02
9.28000e-02	5.363375075400924e-02
1.08800e-01	4.500876809743464e-02
1.24800e-01	5.119218455524792e-02
1.40800e-01	4.590152872480208e-02
1.56800e-01	4.505846294846432e-02
1.72800e-01	3.905320420656766e-02
1.88800e-01	4.106798303592968e-02
2.04800e-01	4.231203971785887e-02
2.20800e-01	4.204899445405951e-02
2.36800e-01	4.440264606227540e-02
2.52800e-01	2.852797909446295e-02
2.68800e-01	3.178661299466930e-02
2.84800e-01	3.153898413934498e-02
3.00800e-01	3.422324580906604e-02
3.16800e-01	3.000900173462698e-02
3.32800e-01	2.049381237654839e-02
3.48800e-01	2.396396644016729e-02
3.64800e-01	1.619221542467725e-02
3.80800e-01	1.788125672554555e-02
3.96800e-01	1.435055592858707e-02
4.12800e-01	1.565514450952992e-02
4.28800e-01	2.001864537566391e-02
4.44800e-01	1.203702406663211e-02
4.60800e-01	6.671419103746588e-03
4.76800e-01	1.214452361551840e-02
4.92800e-01	2.157966546650611e-03
5.08800e-01	2.796261354178400e-04
5.24800e-01	5.883311426085844e-03
5.40800e-01	1.863006401904386e-02
5.56800e-01	-1.491071401292125e-02
5.72800e-01	9.912679234401978e-03
5.88800e-01	3.526700789523682e-03
6.04800e-01	2.859132928171555e-03
6.20800e-01	4.498139019251337e-03
6.36800e-01	4.962895728541633e-03
6.52800e-01	1.430604010230562e-02
6.68800e-01	2.768443852119468e-03
6.84800e-01	6.448593715740994e-03
7.00800e-01	2.428023149919138e-03
7.16800e-01	-4.217922463832702e-04
7.32800e-01	9.064880676544994e-03
7.48800e-01	-6.302025830711051e-03
7.64800e-01	8.755841424238138e-03
7.80800e-01	-9.586575466504139e-03
7.96800e-01	2.117098881954464e-03
8.12800e-01	-1.109490109539209e-02
8.28800e-01	-4.696910428069418e-03
8.44800e-01	-5.557729180355009e-03
8.60800e-01	-8.397714223453845e-03
8.76800e-01	-3.571010237483305e-03
8.92800e-01	-3.468599314937555e-03
9.08800e-01	9.688956200147361e-03
9.24800e-01	2.645883342539677e-03
9.40800e-01	-1.078678991501876e-02
9.56800e-01	7.291730887002675e-04
9.72800e-01	2.539757792232695e-03
9.88800e-01	-5.696914195490128e-03
1.00480e+00	4.533709365450875e-05
1.02080e+00	-4.410315146883530e-03
1.03680e+00	7.202137187791761e-03
1.05280e+00	-3.612755014223936e-03
1.06880e+00	6.907229445356306e-03
1.08480e+00	2.524448633940666e-03
1.10080e+00	2.807215923139099e-04
1.11680e+00	-3.847802114212690e-03
1.13280e+00	1.423261245400526e-03
1.14880e+00	1.390383294624998e-02
1.16480e+00	1.001526540538868e-02
1.18080e+00	-1.372776293768011e-02
1.19680e+00	-4.580346685203260e-03
1.21280e+00	2.535429119623101e-03
1.22880e+00	-4.526795478984293e-03
1.24480e+00	-3.031280410143028e-03
1.26080e+00	1.561622789977037e-03
1.27680e+00	-4.882930960513810e-04
1.29280e+00	1.965145651450281e-03
1.30880e+00	1.863165960901597e-03
1.32480e+00	4.821343479214689e-03
1.34080e+00	-5.825251565955428e-03
1.35680e+00	2.286343709914515e-03
1.37280e+00	-1.053649368529776e-03
1.38880e+00	7.674541962673110e-03
1.40480e+00	-4.117174439896842e-03
1.42080e+00	-4.999725921009382e-03
1.43680e+00	4.307525563358837e-03
1.45280e+00	2.054780254243741e-03
1.46880e+00	1.787658047123590e-03
1.48480e+00	2.445989511992415e-03
1.50080e+00	-5.072938584473870e-03
1.51680e+00	1.827994000507044e-03
1.53280e+00	5.964442595021018e-03
1.54880e+00	-3.635056236775102e-03
1.56480e+00	7.271192379396945e-03
1.58080e+00	6.612289770144259e-03
1.59680e+00	4.347262609918010e-03
1.61280e+00	1.218792020806116e-02
1.62880e+00	1.779412789388612e-04
1.64480e+00	-1.261842453300331e-03
1.66080e+00	-3.810739778364654e-04
1.67680e+00	1.205447161311689e-02
1.69280e+00	2.588173081005690e-03
1.70880e+00	3.819922688607223e-03
1.72480e+00	7.272988083479612e-03
1.74080e+00	-1.499297483115281e-03
1.75680e+00	-3.921207983849800e-03
1.77280e+00	-6.021691302915902e-03
1.78880e+00	1.378320766467498e-02
1.80480e+00	-7.019014334121630e-04
1.82080e+00	-1.057534257928573e-03
1.83680e+00	2.408561626953775e-03
1.85280e+00	-1.536933250493448e-03
1.86880e+00	9.890071435561852e-03
1.88480e+00	-3.351639057062544e-04
1.90080e+00	1.002738192087758e-03
1.91680e+00	-4.199948527388144e-03
1.93280e+00	-1.568134658877118e-02
1.94880e+00	-1.148653193200762e-02
1.96480e+00	-2.843011758038604e-03
1.98080e+00	-6.403627380141910e-03
1.99680e+00	-4.278665733645678e-03
2.01280e+00	5.192382120031074e-03
2.02880e+00	-5.237563957968339e-03
2.04480e+00	-1.124237408771867e-02
2.06080e+00	-3.228750365969921e-03
2.07680e+00	-8.707116128719451e-03
2.09280e+00	-8.604451341798089e-03
2.10880e+00	-1.696985200447048e-03
2.12480e+00	1.704866412758732e-04
2.14080e+00	-9.144336149938989e-03
2.15680e+00	-8.913128004331944e-03
2.17280e+00	-4.001047756351342e-03
2.18880e+00	-8.520259422121309e-03
2.20480e+00	-7.985378348051068e-03
2.22080e+00	-5.592763392885080e-03
2.23680e+00	-1.175601082282366e-02
2.25280e+00	3.759403260487600e-03
2.26880e+00	9.180444083001902e-03
2.28480e+00	8.645976442593959e-03
2.30080e+00	-7.102987856023315e-03
2.31680e+00	-7.183799967695999e-03
2.33280e+00	9.307989012058383e-03
2.34880e+00	-6.750319067596537e-03
2.36480e+00	2.975650152095203e-03
2.38080e+00	5.450848248359992e-03
2.39680e+00	1.048174378034473e-03
2.41280e+00	9.229460720672438e-03
2.42880e+00	-7.060016214005364e-03
2.44480e+00	-3.077024538794144e-03
2.46080e+00	-7.677462387951430e-03
2.47680e+00	7.175217622881700e-04
2.49280e+00	-4.140918597984490e-03
2.50880e+00	-3.161176642809347e-03
2.52480e+00	-3.272281771447361e-03
2.54080e+00	6.834753944937874e-03
2.55680e+00	7.381463361085704e-03
2.57280e+00	1.378901208332683e-03
2.58880e+00	2.855566077763598e-03
2.60480e+00	2.445391614428509e-03
2.62080e+00	5.487210837668761e-04
2.63680e+00	8.741891600215537e-03
2.65280e+00	-2.291328636272147e-04
2.66880e+00	-7.442974492435095e-03
2.68480e+00	-3.939406758613864e-03
2.70080e+00	3.141243049227211e-03
2.71680e+00	-3.051881453606413e-03
2.73280e+00	1.468627230333204e-03
2.74880e+00	-1.012580461438159e-02
2.76480e+00	-1.998955179083879e-03
2.78080e+00	-1.858884158544789e-03
2.79680e+00	-3.547550040784642e-03
2.81280e+00	4.218479153624030e-03
2.82880e+00	3.855691820507023e-03
2.84480e+00	8.328208283862668e-03
2.86080e+00	1.715055298835309e-02
2.87680e+00	5.102506458332578e-04
2.89280e+00	9.041325081369178e-03
2.90880e+00	1.476350195939964e-02
2.92480e+00	-3.544669175656962e-03
2.94080e+00	1.702983164377473e-03
2.95680e+00	-2.848613996426285e-03
