# Filename: 04102019_Aer_EcAW_15N_2H_150K_4PDeer_4500ns.DSC.txt
# Bckg_type: poly2_0.95_0.75
# FirstColumn: Time[us]
# SecondColumn: BckgSubtractedData
8.00000e-04	3.905946646720108e-02
8.80000e-03	3.466736806315858e-02
1.68000e-02	4.016022116408267e-02
2.48000e-02	3.412670770639296e-02
3.28000e-02	3.717179203053880e-02
4.08000e-02	3.551795171980359e-02
4.88000e-02	3.201412881640477e-02
5.68000e-02	3.219398849979326e-02
6.48000e-02	3.263805267502328e-02
7.28000e-02	3.401876673309946e-02
8.08000e-02	3.870880743428586e-02
8.88000e-02	3.311365196367121e-02
9.68000e-02	2.892481130126409e-02
1.04800e-01	3.941597345526482e-02
1.12800e-01	2.622023421127882e-02
1.20800e-01	3.351710799193339e-02
1.28800e-01	2.790915000540745e-02
1.36800e-01	2.381328669983528e-02
1.44800e-01	3.010985379427514e-02
1.52800e-01	2.739251029144998e-02
1.60800e-01	2.064540212524640e-02
1.68800e-01	2.751086734120559e-02
1.76800e-01	2.405912935443586e-02
1.84800e-01	2.566707491427320e-02
1.92800e-01	1.817360936122596e-02
2.00800e-01	1.671220589356953e-02
2.08800e-01	2.393622389938741e-02
2.16800e-01	1.280900701224046e-02
2.24800e-01	2.380443827572608e-02
2.32800e-01	2.051770579105415e-02
2.40800e-01	1.718070875470279e-02
2.48800e-01	2.119399650781515e-02
2.56800e-01	2.060452125653170e-02
2.64800e-01	1.782598868401603e-02
2.72800e-01	1.875340372000011e-02
2.80800e-01	1.501319977983203e-02
2.88800e-01	1.868340557898142e-02
2.96800e-01	1.903234878613873e-02
3.04800e-01	1.191829169932444e-02
3.12800e-01	1.205348381865176e-02
3.20800e-01	1.467392196953511e-02
3.28800e-01	1.758713630281445e-02
3.36800e-01	1.145100002882587e-02
3.44800e-01	8.671434866577661e-03
3.52800e-01	1.723324298355965e-02
3.60800e-01	1.475774748882287e-02
3.68800e-01	1.573224586266495e-02
3.76800e-01	1.962219939731688e-02
3.84800e-01	1.964141983583761e-02
3.92800e-01	1.199419302032359e-02
4.00800e-01	1.042406970615594e-02
4.08800e-01	1.058685783269005e-02
4.16800e-01	7.770373199028628e-03
4.24800e-01	1.301643805091103e-02
4.32800e-01	3.287721415005739e-03
4.40800e-01	9.390334914351367e-03
4.48800e-01	1.095272461910823e-02
4.56800e-01	5.137878282001649e-03
4.64800e-01	4.783293719032934e-03
4.72800e-01	7.374626900947017e-03
4.80800e-01	2.044193791018306e-03
4.88800e-01	3.825546894932797e-03
4.96800e-01	7.976649238519002e-03
5.04800e-01	4.872376873083268e-03
5.12800e-01	5.465635589072085e-03
5.20800e-01	6.270990550802558e-03
5.28800e-01	1.191891599877672e-03
5.36800e-01	1.073568387490129e-02
5.44800e-01	6.388082520786103e-03
5.52800e-01	1.007842818114920e-02
5.60800e-01	6.344566266891494e-03
5.68800e-01	9.968903485285813e-04
5.76800e-01	4.510114680380920e-03
5.84800e-01	2.726513017703251e-03
5.92800e-01	2.510951688804563e-03
6.00800e-01	-6.070913593550205e-04
6.08800e-01	7.607949807417344e-03
6.16800e-01	2.364463539315134e-03
6.24800e-01	3.492111576393467e-03
6.32800e-01	1.784946866722009e-04
6.40800e-01	1.756359148418793e-03
6.48800e-01	7.693769543733311e-04
6.56800e-01	2.976918380429201e-03
6.64800e-01	2.268188947900467e-03
6.72800e-01	9.254033179960999e-04
6.80800e-01	-2.421678909483099e-03
6.88800e-01	3.374619536623782e-03
6.96800e-01	4.124752253409109e-03
7.04800e-01	2.326115833282588e-03
7.12800e-01	-2.303907463624356e-03
7.20800e-01	2.813604773774583e-03
7.28800e-01	7.401661633402985e-03
7.36800e-01	1.184947880546588e-03
7.44800e-01	7.134101215993725e-03
7.52800e-01	2.257051855569456e-03
7.60800e-01	1.291257213937588e-03
7.68800e-01	4.748944375926878e-03
7.76800e-01	-3.970360064272723e-04
7.84800e-01	8.920652646755662e-03
7.92800e-01	4.177397845251806e-03
8.00800e-01	7.436788935697036e-03
8.08800e-01	-5.681038718184409e-03
8.16800e-01	8.598197003189688e-03
8.24800e-01	9.516740805710052e-03
8.32800e-01	1.377408434344300e-03
8.40800e-01	6.633073647806901e-04
8.48800e-01	-2.775256831647522e-03
8.56800e-01	3.069551763853302e-03
8.64800e-01	-3.328917651123961e-03
8.72800e-01	-1.374810570502644e-04
8.80800e-01	3.609019854146135e-03
8.88800e-01	-1.081509448241261e-04
8.96800e-01	-1.096824450288990e-03
9.04800e-01	1.974397594875347e-03
9.12800e-01	-1.025703854468764e-03
9.20800e-01	4.536402788139763e-03
9.28800e-01	-1.126781260754505e-03
9.36800e-01	-3.932323199651602e-03
9.44800e-01	2.043287465384613e-03
9.52800e-01	-5.533358555341416e-03
9.60800e-01	1.757886104797163e-03
9.68800e-01	-3.363898615084455e-03
9.76800e-01	-1.093088319073559e-03
9.84800e-01	-6.696497279267642e-04
9.92800e-01	-5.082985684128514e-04
1.00080e+00	1.021553566146763e-04
1.00880e+00	-5.620957231403145e-03
1.01680e+00	7.906326818032728e-04
1.02480e+00	-2.348229712719110e-04
1.03280e+00	1.395600302011667e-03
1.04080e+00	-2.013434530038287e-03
1.04880e+00	2.300367748379321e-03
1.05680e+00	-5.027470540632314e-03
1.06480e+00	2.499194370806593e-03
1.07280e+00	-1.514639707965595e-03
1.08080e+00	3.418095831417144e-03
1.08880e+00	-2.973615403768976e-04
1.09680e+00	-2.487441600928408e-04
1.10480e+00	8.027153054060467e-03
1.11280e+00	6.627644608012544e-03
1.12080e+00	-2.067727697068648e-03
1.12880e+00	1.186538994218430e-03
1.13680e+00	4.398133610173828e-03
1.14480e+00	9.178256493915456e-03
1.15280e+00	1.653692322886245e-03
1.16080e+00	-8.290197431522984e-04
1.16880e+00	-1.140464411108293e-03
1.17680e+00	1.554543972575374e-03
1.18480e+00	1.117712202272497e-02
1.19280e+00	6.554506484762203e-03
1.20080e+00	8.525948848751273e-03
1.20880e+00	6.354010992332812e-03
1.21680e+00	6.015334173541908e-03
1.22480e+00	3.064870455560165e-03
1.23280e+00	3.101546010963830e-04
1.24080e+00	1.966202166148765e-03
1.24880e+00	5.757753761883548e-03
1.25680e+00	-1.982835951817084e-03
1.26480e+00	1.868833304786774e-03
1.27280e+00	3.473592509650689e-03
1.28080e+00	2.821101951143187e-03
1.28880e+00	-7.069042737914063e-04
1.29680e+00	8.762512838210910e-03
1.30480e+00	-1.284599021543903e-03
1.31280e+00	5.240290862747646e-03
1.32080e+00	-3.590117720950599e-04
1.32880e+00	4.586443983050006e-03
1.33680e+00	2.747319015190937e-03
1.34480e+00	3.334253798769515e-03
1.35280e+00	-3.365397430295353e-03
1.36080e+00	3.449071991489415e-05
1.36880e+00	-1.773796889487799e-03
1.37680e+00	2.587013832905091e-03
1.38480e+00	-1.576694806612333e-04
1.39280e+00	-1.365045869915934e-03
1.40080e+00	-1.247331450126807e-03
1.40880e+00	1.757031540129438e-03
1.41680e+00	6.937853056243112e-03
1.42480e+00	1.431804238327605e-03
1.43280e+00	-1.795026126889855e-03
1.44080e+00	-2.867575518583027e-03
1.44880e+00	7.113454743178043e-03
1.45680e+00	5.863693568231932e-03
1.46480e+00	1.486085596673599e-03
1.47280e+00	3.209220341291319e-03
1.48080e+00	-6.950364788328007e-05
1.48880e+00	6.443293755268425e-03
1.49680e+00	1.062437677545680e-03
1.50480e+00	1.393805119190912e-03
1.51280e+00	2.518721377866235e-03
1.52080e+00	-2.116064656725142e-03
1.52880e+00	4.168647082242050e-03
1.53680e+00	7.423526933927586e-03
1.54480e+00	-7.036879927538419e-03
1.55280e+00	3.812178920688079e-03
1.56080e+00	7.692990630466886e-03
1.56880e+00	2.606070969199133e-03
1.57680e+00	6.119418455957673e-04
1.58480e+00	7.313670405644136e-04
1.59280e+00	-2.225030311764259e-03
1.60080e+00	1.940106575609444e-04
1.60880e+00	-4.381908642571486e-03
1.61680e+00	-2.091001040001708e-03
1.62480e+00	5.196752116470653e-03
1.63280e+00	5.294878695973543e-03
1.64080e+00	5.516828892917583e-03
1.64880e+00	4.034026938424746e-03
1.65680e+00	1.790448859708282e-03
1.66480e+00	3.669308242726400e-03
1.67280e+00	4.077394639634573e-03
1.68080e+00	-2.666093430276113e-03
1.68880e+00	1.192664844244641e-03
1.69680e+00	-4.992155850896308e-03
1.70480e+00	2.401388332933418e-03
1.71280e+00	2.238090325824904e-03
1.72080e+00	1.688899235350206e-03
1.72880e+00	5.439943278499840e-03
1.73680e+00	-1.131247542423664e-03
1.74480e+00	-9.399697519210383e-04
1.75280e+00	5.566505329646722e-03
1.76080e+00	3.869248572871312e-03
1.76880e+00	-4.156938134003675e-03
1.77680e+00	-1.869954460165576e-03
1.78480e+00	5.369023666019928e-03
1.79280e+00	4.726432790674540e-03
1.80080e+00	-6.751525560284487e-04
1.80880e+00	5.859171203386898e-03
1.81680e+00	-1.045957293443195e-03
1.82480e+00	-3.020655898314237e-03
1.83280e+00	-3.750800516510587e-03
1.84080e+00	-1.017059791779223e-03
1.84880e+00	-2.157332757091953e-03
1.85680e+00	2.921811547543791e-03
1.86480e+00	9.833068166337359e-04
1.87280e+00	-4.434831216511658e-03
1.88080e+00	-3.563918956508484e-03
1.88880e+00	2.965369060318395e-03
1.89680e+00	-4.358416112480844e-03
1.90480e+00	-1.505099204497171e-03
1.91280e+00	5.427287905796469e-03
1.92080e+00	3.706951544937716e-03
1.92880e+00	-5.217675025692594e-03
1.93680e+00	-2.674835829812248e-03
1.94480e+00	6.533958343003296e-03
1.95280e+00	3.150576406728830e-03
1.96080e+00	-1.445672299738542e-03
1.96880e+00	4.113335449565372e-03
1.97680e+00	-9.717032507688404e-06
1.98480e+00	-1.293190760482494e-03
1.99280e+00	2.002872193511504e-04
2.00080e+00	-3.114575253474665e-03
2.00880e+00	-3.160249563071610e-03
2.01680e+00	-1.824342516184769e-03
2.02480e+00	9.354149213259390e-04
2.03280e+00	-3.460058134924340e-03
2.04080e+00	-1.676469301132880e-03
2.04880e+00	-3.629896937645935e-03
2.05680e+00	-3.584468187832913e-03
2.06480e+00	1.149483287325049e-04
2.07280e+00	-2.075191549587369e-03
2.08080e+00	-2.546057301516498e-03
2.08880e+00	4.188426995769947e-03
2.09680e+00	-7.693773130374754e-03
2.10480e+00	-4.293057438690798e-03
2.11280e+00	-8.299104070390965e-03
2.12080e+00	-7.625273075631586e-03
2.12880e+00	-5.261156232388963e-03
2.13680e+00	7.260110155697234e-04
2.14480e+00	-7.355158536657484e-03
2.15280e+00	-3.895960674238697e-03
2.16080e+00	-1.012706701779525e-02
2.16880e+00	2.013899284572775e-03
2.17680e+00	-1.223167519780320e-03
2.18480e+00	-6.758093678166479e-03
2.19280e+00	-9.224300197668209e-03
2.20080e+00	-6.044800758571263e-03
2.20880e+00	-9.646196492749250e-03
2.21680e+00	-3.973067035151142e-03
2.22480e+00	-8.389326462317166e-03
2.23280e+00	-1.832182599806303e-03
2.24080e+00	2.303013287061511e-03
2.24880e+00	-2.143735426692950e-03
2.25680e+00	-7.018635117356708e-03
2.26480e+00	-3.578131357027806e-03
2.27280e+00	-6.064656576267370e-03
2.28080e+00	6.081019179601294e-03
2.28880e+00	9.939649055348170e-06
2.29680e+00	-2.852055704437209e-03
2.30480e+00	3.557183129820107e-04
2.31280e+00	-6.421115691743233e-03
2.32080e+00	-2.648364581201563e-03
2.32880e+00	3.924031753308403e-03
2.33680e+00	6.271133053335676e-04
2.34480e+00	-1.176361248150187e-03
2.35280e+00	-5.811375031928494e-03
2.36080e+00	-9.958134445272479e-03
2.36880e+00	-1.572347815134896e-03
2.37680e+00	-3.510663353116026e-03
2.38480e+00	5.496410900699415e-04
2.39280e+00	-4.493865658836475e-03
2.40080e+00	1.696459964311610e-03
2.40880e+00	-2.496137884491313e-03
2.41680e+00	4.137360631766223e-03
2.42480e+00	-6.902795353737103e-06
2.43280e+00	-9.255205300398604e-03
2.44080e+00	-2.355384892020616e-03
2.44880e+00	1.148120002027328e-03
2.45680e+00	2.640927205405260e-04
2.46480e+00	2.204395556347152e-03
2.47280e+00	-1.345204756719049e-02
2.48080e+00	-9.924976277195661e-03
2.48880e+00	-5.074021764878739e-03
2.49680e+00	-1.373948663015340e-03
2.50480e+00	-6.869588249165517e-04
2.51280e+00	1.330678529427578e-03
2.52080e+00	-7.080801876205699e-03
2.52880e+00	-3.073342415095934e-03
2.53680e+00	2.736635184288050e-03
2.54480e+00	3.213001908515059e-03
2.55280e+00	-3.388846783889747e-03
2.56080e+00	-1.134527891882339e-02
2.56880e+00	-3.908087613998239e-03
2.57680e+00	3.305414823879151e-03
2.58480e+00	3.699810531070846e-03
2.59280e+00	-3.126184377545080e-03
2.60080e+00	-4.805901672536422e-03
2.60880e+00	8.089603853532237e-05
2.61680e+00	7.484833838203419e-03
2.62480e+00	-1.966425351899585e-03
2.63280e+00	-2.826540367353317e-03
2.64080e+00	4.012927806863127e-03
2.64880e+00	-1.612718716741820e-04
2.65680e+00	4.399923317483932e-03
2.66480e+00	-6.211141833389148e-03
2.67280e+00	7.320437753499473e-04
2.68080e+00	-1.631863085541836e-03
2.68880e+00	-7.189681117804402e-03
2.69680e+00	-3.601623848828343e-03
2.70480e+00	5.835843837248865e-03
2.71280e+00	2.695604617149978e-04
2.72080e+00	-7.026495846316153e-03
2.72880e+00	-1.414364892709203e-03
2.73680e+00	-4.427001284237980e-03
2.74480e+00	-1.470569384112794e-03
2.75280e+00	-2.202316026180776e-03
2.76080e+00	4.867124902157698e-04
2.76880e+00	-1.559655353848219e-06
2.77680e+00	1.918366442529538e-03
2.78480e+00	1.806630320116995e-03
2.79280e+00	-5.103254576905629e-04
2.80080e+00	-4.038760848387380e-04
2.80880e+00	5.340108108390204e-03
2.81680e+00	-4.855777071493015e-03
2.82480e+00	-1.922137053190013e-03
2.83280e+00	-3.990680024411242e-03
2.84080e+00	-1.134934374013775e-03
2.84880e+00	1.805294997152905e-03
2.85680e+00	-5.289661626965560e-03
2.86480e+00	7.562841305691064e-04
2.87280e+00	5.629525103188641e-04
2.88080e+00	-2.072194955702292e-03
2.88880e+00	-6.257846508506033e-03
2.89680e+00	9.757877177587143e-04
2.90480e+00	5.890917678864969e-03
2.91280e+00	-1.239247022977638e-03
2.92080e+00	-7.797296679214897e-03
2.92880e+00	-1.545427431436869e-03
2.93680e+00	-1.681927568858421e-03
2.94480e+00	3.373577300154652e-03
2.95280e+00	4.320140102480327e-04
2.96080e+00	1.717026871056155e-03
2.96880e+00	-3.410275009413051e-03
2.97680e+00	-1.758781570501042e-04
2.98480e+00	-3.386255508095757e-03
2.99280e+00	-4.676824838690214e-03
3.00080e+00	3.004381225097940e-03
3.00880e+00	1.082726513215426e-03
3.01680e+00	-2.551794597832135e-03
3.02480e+00	2.381769278518915e-03
3.03280e+00	3.833907917930480e-03
3.04080e+00	6.882823109223262e-03
3.04880e+00	2.171193647949590e-03
3.05680e+00	-5.808438115054540e-04
3.06480e+00	-1.774577916178123e-03
3.07280e+00	-2.525753747406781e-03
3.08080e+00	2.662477251725964e-03
3.08880e+00	-5.240042795999996e-03
3.09680e+00	-4.249442394275938e-03
3.10480e+00	-5.933810400478523e-03
3.11280e+00	-4.111745960239856e-03
3.12080e+00	6.890227934108406e-04
3.12880e+00	-1.090722651380347e-03
3.13680e+00	4.656940485659679e-03
3.14480e+00	-1.549860755289851e-03
3.15280e+00	-4.213350628970803e-03
3.16080e+00	1.332776439708726e-04
3.16880e+00	1.682188150455139e-03
3.17680e+00	1.194880388719105e-04
3.18480e+00	1.855609039348880e-03
3.19280e+00	-4.009376719834928e-03
3.20080e+00	-4.827163778660280e-03
3.20880e+00	9.566183775750171e-04
3.21680e+00	1.961527269127164e-03
3.22480e+00	-2.588179479607276e-03
3.23280e+00	-1.121582517620339e-03
3.24080e+00	1.908606024747895e-03
3.24880e+00	-3.360361767596949e-04
3.25680e+00	4.131671741173756e-03
3.26480e+00	-1.118016134770647e-03
3.27280e+00	2.442266195603980e-03
3.28080e+00	-3.227248996878215e-03
3.28880e+00	5.654089010668482e-04
3.29680e+00	3.954710387811723e-04
3.30480e+00	-8.201147656899247e-03
3.31280e+00	-8.959120946306170e-03
3.32080e+00	-1.335513206514626e-03
3.32880e+00	2.216266153726249e-03
3.33680e+00	-1.121783703919299e-03
3.34480e+00	3.067815722333805e-03
3.35280e+00	-1.146993257968549e-02
3.36080e+00	-6.647264746706389e-03
3.36880e+00	-5.431568371902436e-03
3.37680e+00	-4.815606541993986e-03
3.38480e+00	-1.222659312550351e-03
3.39280e+00	-3.404591256734936e-03
3.40080e+00	-5.247751668778931e-03
3.40880e+00	1.942505217674083e-03
3.41680e+00	4.488947870342622e-03
3.42480e+00	6.069472898112950e-04
3.43280e+00	-5.363178803659797e-03
3.44080e+00	-2.785114520483782e-03
3.44880e+00	5.137604858498808e-03
3.45680e+00	-1.446179884607950e-03
3.46480e+00	9.897306955628463e-04
3.47280e+00	-3.066550853870333e-03
3.48080e+00	1.021352618103401e-02
3.48880e+00	-6.383790103054862e-03
3.49680e+00	1.300666626080101e-03
3.50480e+00	2.761817269301660e-03
3.51280e+00	-3.108678367782574e-03
3.52080e+00	-2.156577607577491e-03
3.52880e+00	-6.084833285216747e-03
3.53680e+00	6.424432705763246e-03
3.54480e+00	5.525102437022157e-03
3.55280e+00	-3.347006367106946e-03
3.56080e+00	1.897991237206352e-03
3.56880e+00	-9.216872011478942e-04
3.57680e+00	2.399338280534732e-03
3.58480e+00	1.765001737641348e-03
3.59280e+00	-5.648327564342762e-03
3.60080e+00	-4.610799534102308e-03
3.60880e+00	-3.573848769906544e-03
3.61680e+00	2.088086310620761e-03
3.62480e+00	-2.046661250973398e-03
3.63280e+00	6.185874209314978e-03
3.64080e+00	-7.022126672277458e-03
3.64880e+00	-1.017570903594354e-04
3.65680e+00	-2.763862352508657e-03
3.66480e+00	4.044180425639517e-03
3.67280e+00	1.311713900140891e-04
3.68080e+00	3.164804697757381e-03
3.68880e+00	8.129757544513693e-04
3.69680e+00	-1.821142838842008e-03
3.70480e+00	-3.907252625129015e-04
3.71280e+00	2.977186652615685e-03
3.72080e+00	-9.520159613935156e-03
3.72880e+00	-3.082032388833771e-03
3.73680e+00	5.945918657455633e-03
3.74480e+00	-4.434827048718011e-04
3.75280e+00	-1.773199632874443e-04
3.76080e+00	-9.779715316960889e-04
3.76880e+00	7.465236036072415e-03
3.77680e+00	-1.023668017185087e-04
3.78480e+00	2.118592891084154e-03
3.79280e+00	9.655493803998248e-03
3.80080e+00	2.912418423014563e-03
3.80880e+00	1.991893447560423e-03
3.81680e+00	-2.655959674909802e-03
3.82480e+00	1.574976432071764e-03
3.83280e+00	-6.972177831402813e-04
3.84080e+00	-3.174091270829240e-03
3.84880e+00	8.899962009277119e-05
3.85680e+00	-3.574139826069185e-03
3.86480e+00	-1.855896494877766e-03
3.87280e+00	-5.994716717086879e-04
3.88080e+00	1.739522348010846e-03
3.88880e+00	1.351664261017693e-03
3.89680e+00	-3.239695616899606e-03
3.90480e+00	-1.351861738509443e-04
3.91280e+00	1.272476471647620e-03
3.92080e+00	5.072084224899941e-04
3.92880e+00	-8.884644350718967e-04
3.93680e+00	1.902220760713089e-03
3.94480e+00	-5.024733875792377e-04
3.95280e+00	3.317320832903299e-03
3.96080e+00	-2.407984809259031e-03
3.96880e+00	-3.701206533782436e-04
3.97680e+00	1.951926018628526e-03
3.98480e+00	6.942654004328627e-03
3.99280e+00	9.677593523792773e-03
4.00080e+00	3.137924696290921e-03
4.00880e+00	1.270884250518135e-03
4.01680e+00	1.030232928775171e-02
4.02480e+00	4.758766362071463e-03
4.03280e+00	3.296711188740153e-03
4.04080e+00	4.419470998968162e-03
4.04880e+00	-1.331053849818968e-03
4.05680e+00	-2.718373372424273e-03
4.06480e+00	-2.181965247404605e-03
4.07280e+00	5.073412581524335e-04
4.08080e+00	-1.553341398268772e-04
4.08880e+00	8.815272735361394e-03
4.09680e+00	5.407873344818390e-03
4.10480e+00	2.885116942476541e-03
4.11280e+00	3.451451941556920e-03
4.12080e+00	-4.404790460790686e-03
4.12880e+00	-1.041938680897712e-03
4.13680e+00	7.059977108650888e-03
4.14480e+00	2.885560307196289e-03
4.15280e+00	4.083272874202654e-03
4.16080e+00	7.579977683819340e-03
4.16880e+00	6.092650814402818e-03
4.17680e+00	5.097386689902619e-03
4.18480e+00	9.369305151727354e-03
4.19280e+00	8.303951051141458e-03
4.20080e+00	7.692340708618980e-03
4.20880e+00	5.613540545820035e-03
4.21680e+00	4.318209509046057e-03
