# Filename: 120918_AerUU2610_DEER_2us_150K.DSC_db6_symmetric_denoised.txt
# Bckg_type: strexp_fixed_0.9_1
# FirstColumn: Time[us]
# SecondColumn: BckgSubtractedData
-4.00000e-03	1.038624242244262e-02
4.00000e-03	1.086388788565345e-02
1.20000e-02	1.134683281836948e-02
2.00000e-02	1.180463068963356e-02
2.80000e-02	1.223557154955534e-02
3.60000e-02	1.262338606360368e-02
4.40000e-02	1.294868341015338e-02
5.20000e-02	1.320329360936566e-02
6.00000e-02	1.334150821255742e-02
6.80000e-02	1.334489878021031e-02
7.60000e-02	1.322292214477564e-02
8.40000e-02	1.297571337112713e-02
9.20000e-02	1.264570292767139e-02
1.00000e-01	1.225819383836521e-02
1.08000e-01	1.180003095251963e-02
1.16000e-01	1.127132846058531e-02
1.24000e-01	1.065936867219047e-02
1.32000e-01	9.954882853506441e-03
1.40000e-01	9.186053955824251e-03
1.48000e-01	8.382029065756384e-03
1.56000e-01	7.541487211008855e-03
1.64000e-01	6.674999488740098e-03
1.72000e-01	5.806520490656556e-03
1.80000e-01	4.949369750591515e-03
1.88000e-01	4.138668030452707e-03
1.96000e-01	3.394636719986502e-03
2.04000e-01	2.710491340314051e-03
2.12000e-01	2.083178019238709e-03
2.20000e-01	1.499174513211290e-03
2.28000e-01	9.480227953014564e-04
2.36000e-01	4.336176987564415e-04
2.44000e-01	-4.324034588979334e-05
2.52000e-01	-4.859151483771445e-04
2.60000e-01	-8.938993514714783e-04
2.68000e-01	-1.274420018402837e-03
2.76000e-01	-1.638412764864812e-03
2.84000e-01	-1.976842885022416e-03
2.92000e-01	-2.287292625003190e-03
3.00000e-01	-2.585224341317209e-03
3.08000e-01	-2.879132315731267e-03
3.16000e-01	-3.180927136725984e-03
3.24000e-01	-3.501865879271896e-03
3.32000e-01	-3.834624980216722e-03
3.40000e-01	-4.170384444993544e-03
3.48000e-01	-4.518301547998755e-03
3.56000e-01	-4.878602547231716e-03
3.64000e-01	-5.243167534550252e-03
3.72000e-01	-5.609945081477117e-03
3.80000e-01	-5.959903915334794e-03
3.88000e-01	-6.283101241164742e-03
3.96000e-01	-6.588095274077378e-03
4.04000e-01	-6.878421520667777e-03
4.12000e-01	-7.164552317327890e-03
4.20000e-01	-7.456439512478162e-03
4.28000e-01	-7.746437765541349e-03
4.36000e-01	-8.029351980541131e-03
4.44000e-01	-8.313135843046040e-03
4.52000e-01	-8.594496272028714e-03
4.60000e-01	-8.877278345343458e-03
4.68000e-01	-9.171248303929026e-03
4.76000e-01	-9.448703269820048e-03
4.84000e-01	-9.698593210075209e-03
4.92000e-01	-9.936433639911101e-03
5.00000e-01	-1.016558457349612e-02
5.08000e-01	-1.041140490629949e-02
5.16000e-01	-1.068905090051452e-02
5.24000e-01	-1.097822355239227e-02
5.32000e-01	-1.126273742645230e-02
5.40000e-01	-1.153471937895463e-02
5.48000e-01	-1.178109285698602e-02
5.56000e-01	-1.199835371590557e-02
5.64000e-01	-1.218582889908662e-02
5.72000e-01	-1.232055270715753e-02
5.80000e-01	-1.239697340217066e-02
5.88000e-01	-1.241572711710710e-02
5.96000e-01	-1.237042617502942e-02
6.04000e-01	-1.229395507791379e-02
6.12000e-01	-1.220221485484381e-02
6.20000e-01	-1.208069501813690e-02
6.28000e-01	-1.192740796807359e-02
6.36000e-01	-1.172095079924314e-02
6.44000e-01	-1.144829660479493e-02
6.52000e-01	-1.113243066743815e-02
6.60000e-01	-1.079381597688855e-02
6.68000e-01	-1.043834025594341e-02
6.76000e-01	-1.007859219248424e-02
6.84000e-01	-9.724858054044872e-03
6.92000e-01	-9.382482410568209e-03
7.00000e-01	-9.077194167706843e-03
7.08000e-01	-8.818729092912812e-03
7.16000e-01	-8.605727368790405e-03
7.24000e-01	-8.441871491336119e-03
7.32000e-01	-8.301382620440110e-03
7.40000e-01	-8.171690251847216e-03
7.48000e-01	-8.061983844523344e-03
7.56000e-01	-7.972144103554520e-03
7.64000e-01	-7.918609034926142e-03
7.72000e-01	-7.910287588131552e-03
7.80000e-01	-7.929016662185491e-03
7.88000e-01	-7.959416914569219e-03
7.96000e-01	-7.993529534048997e-03
8.04000e-01	-8.019882456809619e-03
8.12000e-01	-8.032162563167442e-03
8.20000e-01	-8.026483444284561e-03
8.28000e-01	-7.984960088178592e-03
8.36000e-01	-7.901887050246276e-03
8.44000e-01	-7.775562576934433e-03
8.52000e-01	-7.600900708470532e-03
8.60000e-01	-7.399130422309642e-03
8.68000e-01	-7.178762525002277e-03
8.76000e-01	-6.932664741114234e-03
8.84000e-01	-6.662199823024563e-03
8.92000e-01	-6.348147912311764e-03
9.00000e-01	-5.981672354644581e-03
9.08000e-01	-5.579491166426225e-03
9.16000e-01	-5.153053789034613e-03
9.24000e-01	-4.716727132038190e-03
9.32000e-01	-4.285376992852632e-03
9.40000e-01	-3.857593086768769e-03
9.48000e-01	-3.433088207437837e-03
9.56000e-01	-3.026514825846955e-03
9.64000e-01	-2.638860604175575e-03
9.72000e-01	-2.276290837476042e-03
9.80000e-01	-1.950357849788591e-03
9.88000e-01	-1.632168761832493e-03
9.96000e-01	-1.311755894744145e-03
1.00400e+00	-1.004301006559998e-03
1.01200e+00	-7.117331374896419e-04
1.02000e+00	-4.653102592806416e-04
1.02800e+00	-2.818099253731677e-04
1.03600e+00	-1.384752734027961e-04
1.04400e+00	-1.967382814550187e-05
1.05200e+00	9.035928352606888e-05
1.06000e+00	2.103923670472559e-04
1.06800e+00	3.377444133839152e-04
1.07600e+00	4.698235723581390e-04
1.08400e+00	6.301653823349414e-04
1.09200e+00	8.208667173921570e-04
1.10000e+00	1.045908239514880e-03
1.10800e+00	1.318937414451404e-03
1.11600e+00	1.595031572517965e-03
1.12400e+00	1.854957636661926e-03
1.13200e+00	2.122419460509576e-03
1.14000e+00	2.402108785474495e-03
1.14800e+00	2.731046970999606e-03
1.15600e+00	3.131789218610000e-03
1.16400e+00	3.571549556874335e-03
1.17200e+00	4.023091874429526e-03
1.18000e+00	4.476241257981824e-03
1.18800e+00	4.911098278920123e-03
1.19600e+00	5.318996014912647e-03
1.20400e+00	5.697203425644498e-03
1.21200e+00	6.006817391419942e-03
1.22000e+00	6.236134161749111e-03
1.22800e+00	6.387870579945749e-03
1.23600e+00	6.453463035010166e-03
1.24400e+00	6.481422522906550e-03
1.25200e+00	6.496659878337132e-03
1.26000e+00	6.476037553972505e-03
1.26800e+00	6.414612123246849e-03
1.27600e+00	6.285273865181989e-03
1.28400e+00	6.069086237731982e-03
1.29200e+00	5.798733226939946e-03
1.30000e+00	5.505979671523789e-03
1.30800e+00	5.190578712959558e-03
1.31600e+00	4.865888453523108e-03
1.32400e+00	4.553256637384623e-03
1.33200e+00	4.262964720094639e-03
1.34000e+00	4.036162513264032e-03
1.34800e+00	3.892093700138813e-03
1.35600e+00	3.822156358553326e-03
1.36400e+00	3.824649559693299e-03
1.37200e+00	3.869754163836097e-03
1.38000e+00	3.938600122338058e-03
1.38800e+00	4.040122401203089e-03
1.39600e+00	4.174619948553645e-03
1.40400e+00	4.347680529983510e-03
1.41200e+00	4.564624055480006e-03
1.42000e+00	4.806908248300190e-03
1.42800e+00	5.053746096045700e-03
1.43600e+00	5.309726429406840e-03
1.44400e+00	5.570451768348074e-03
1.45200e+00	5.815758401828988e-03
1.46000e+00	6.034257790666943e-03
1.46800e+00	6.202812637229557e-03
1.47600e+00	6.306123488041808e-03
1.48400e+00	6.350795760010778e-03
1.49200e+00	6.343052268075487e-03
1.50000e+00	6.285634828245420e-03
1.50800e+00	6.183263855672018e-03
1.51600e+00	6.040292592721307e-03
1.52400e+00	5.859718880252099e-03
1.53200e+00	5.650361012046173e-03
1.54000e+00	5.417513786916493e-03
1.54800e+00	5.162161757205466e-03
1.55600e+00	4.887463136729648e-03
1.56400e+00	4.590754310037228e-03
1.57200e+00	4.270487621484222e-03
1.58000e+00	3.933938355659674e-03
1.58800e+00	3.586335620119736e-03
1.59600e+00	3.228732619021046e-03
1.60400e+00	2.865672665979076e-03
1.61200e+00	2.496515486025472e-03
1.62000e+00	2.118041200651056e-03
1.62800e+00	1.742210144222466e-03
1.63600e+00	1.374351514921511e-03
1.64400e+00	1.008451137873710e-03
1.65200e+00	6.433854484817497e-04
